68994541 359
461426 102 
161407 95 
883040 350 
358667 116 
373310 181 
72925 263 
1714011 324 
1649242 140 
1001991 14 
1065916 272 
1094606 324 
1511682 245 
1559455 354 
2911963 289 
2179364 137 
2095540 139 
3519398 137 
3704726 269 
3347097 91 
4203029 267 
4911812 322 
5588272 116 
5803530 351 
5818184 181 
5930969 10 
6972553 115 
6722284 139 
6746575 81 
6604868 92 
6147726 139 
6179977 144 
7844080 139 
7637129 143 
7650222 116 
7683944 342 
7556930 143 
7581798 171 
8821788 252 
8951907 142 
8509537 116 
8029043 180 
10869358 285 
10041081 139 
10602062 324 
10612610 139 
10288384 221 
10295768 92 
10164212 304 
10319303 264 
10349893 137 
11571903 330 
11590196 324 
11697739 262 
11148784 93 
11178653 4 
12526215 99 
12810825 139 
12297119 262 
14707675 92 
14441710 239 
14469860 324 
14243272 93 
14133616 117 
14037614 137 
15268469 104 
15402558 301 
15492291 96 
15193064 90 
16638316 350 
16302566 138 
16727108 345 
16792750 322 
16279913 116 
17485317 137 
17973256 139 
17898359 3 
17726558 252 
18807601 139 
18847691 14 
18780237 117 
18790680 1 
18021072 252 
18046862 234 
18087315 358 
18234819 1 
18290759 139 
19409829 116 
19499453 185 
19721831 117 
19020939 83 
19107474 197 
20502190 137 
20111178 10 
20260619 197 
21670887 1 
21081764 13 
21154118 324 
21160363 116 
22256227 119 
22587961 118 
23263500 144 
23050561 286 
23352895 67 
23701374 139 
23711766 143 
23781594 111 
23614963 357 
23162976 117 
24341856 92 
24351330 178 
24383107 67 
24501522 137 
24191384 139 
24638646 142 
24015649 328 
25669001 114 
25585320 342 
26656148 270 
26669099 109 
26799201 115 
26045950 94 
26115620 173 
26119633 140 
27049043 54 
27060026 223 
27611937 223 
28344790 7 
28359910 324 
29458860 259 
29718262 137 
29036930 172 
30820962 173 
30004506 8 
30084318 10 
31936831 4 
31476073 342 
31300693 354 
31105003 136 
32625982 269 
32553064 137 
32574716 69 
32990075 181 
33919462 67 
33944515 10 
33959305 69 
33846500 140 
33582356 348 
33418924 69 
33425391 232 
33198233 139 
33022832 353 
34817170 116 
34835883 139 
34793154 155 
34470564 139 
34370496 5 
34129232 10 
34260348 118 
34263321 223 
35485866 93 
35290370 6 
36983935 13 
36991807 326 
36107791 239 
37709894 54 
37826736 67 
37541448 185 
37191457 116 
37295752 356 
37060899 95 
38944298 10 
38702363 99 
38592120 116 
39460485 268 
39819974 324 
39700251 139 
39207549 352 
39224828 260 
39198671 118 
40751900 95 
40783194 350 
40537870 118 
40419249 79 
41295814 20 
41024120 270 
41618809 4 
41562006 139 
41566719 91 
41802678 93 
41904007 43 
41920346 67 
42836467 95 
42724402 14 
42164119 326 
44479740 14 
44970624 326 
44703740 5 
44761479 324 
44225213 122 
44542117 139 
44584815 117 
44347062 13 
45868730 206 
45148365 241 
45670806 10 
46667966 139 
47035748 326 
47910826 263 
47949700 255 
47553222 140 
47434429 14 
48751926 14 
48875711 262 
48329466 5 
48609586 41 
48668948 209 
48587463 136 
48021481 116 
48034496 240 
49976842 52 
49875909 269 
49714206 117 
49768434 288 
49349864 264 
49052491 137 
49161507 91 
50160475 136 
51113138 260 
51228235 262 
51234489 13 
52460930 185 
52247710 139 
52025334 139 
53927604 139 
53934635 92 
53574720 117 
53271302 137 
54762692 8 
54798394 7 
54902190 159 
54860303 10 
54885057 94 
54310042 4 
54322655 172 
54260408 12 
54191825 4 
55288375 181 
55828629 10 
55307089 324 
56711738 118 
56434261 13 
57487878 10 
57229379 298 
58491255 140 
58297263 13 
59975888 92 
59565478 12 
59566522 139 
59406028 12 
59667301 117 
60945821 139 
60380686 137 
61755626 186 
62399900 139 
62481368 116 
62200531 241 
62065757 118 
63820149 181 
63572659 23 
63201687 255 
63612140 118 
63061520 292 
64616267 116 
64679301 325 
64552195 260 
65827627 116 
65577969 186 
65052915 91 
66441709 173 
66573515 116 
66042702 115 
67029407 14 
67079724 326 
67583968 241 
67160498 135 
68800912 138 
68885496 226 
68403194 12 
68429902 268 
68331409 12 
