38757260 359
775304 103 
838153 256 
866809 241 
1621956 161 
1698693 142 
1779072 254 
1153079 139 
1007063 207 
2424642 92 
2306393 139 
2323214 181 
3109526 299 
3360181 10 
3739615 139 
3784964 139 
4750470 194 
4398339 7 
4219301 324 
4282072 139 
5432832 137 
5765351 325 
5115947 139 
6900006 138 
6425692 78 
6243805 15 
6150631 172 
7325176 264 
7439644 117 
8824267 140 
8388229 53 
8062156 91 
9236867 137 
9769417 119 
9149662 333 
10440704 56 
10330257 324 
10708961 143 
10559130 10 
10065524 3 
12652125 116 
12741461 54 
12431833 139 
12077424 185 
12153279 138 
12177314 324 
12244910 92 
13818458 107 
13929311 140 
13951879 260 
13207461 137 
13215404 55 
14550551 172 
14929853 138 
14783004 10 
14239656 1 
15600139 139 
15787619 8 
15546723 193 
15808161 99 
15855871 10 
16875141 117 
16328693 10 
16294433 4 
16160896 271 
16027454 117 
16029022 14 
16045013 70 
17918931 118 
17964852 139 
17730058 181 
18639494 116 
18836363 139 
18911305 258 
19994509 139 
19143308 324 
19443146 104 
20907739 324 
20456584 257 
20487866 139 
20523302 161 
20568634 161 
20346748 181 
20159161 68 
21032242 137 
21056949 91 
22628993 5 
22971694 117 
22515466 172 
22184129 144 
23644344 268 
23414735 7 
23952482 259 
23117447 269 
24501075 324 
24154413 139 
24181911 118 
25883948 24 
25920170 115 
25995022 116 
25685046 137 
25364695 54 
26796329 117 
26990102 94 
27593319 140 
27101231 94 
28672267 114 
29646181 139 
29809210 324 
29577406 326 
30552955 255 
30493962 235 
31927005 116 
31514110 352 
31262743 99 
32457065 139 
32654456 222 
32773294 92 
32797380 143 
32800545 92 
33668009 174 
33673853 333 
33287660 226 
33165797 3 
34320150 139 
34362544 117 
35879812 333 
35367240 354 
35755282 137 
35958337 232 
35981164 137 
35613696 259 
35680711 172 
36945175 172 
36307780 56 
36383578 232 
36238696 92 
37810200 350 
37425909 1 
37266930 136 
38632467 252 
