38757260 359
810660 279 
825745 12 
838153 256 
866809 241 
200184 140 
243991 286 
256600 137 
283838 62 
288225 137 
299199 324 
624253 233 
630705 332 
646133 64 
668109 92 
927109 19 
974380 92 
980721 324 
774942 94 
775304 103 
38182 139 
52423 117 
65741 353 
78636 65 
500943 118 
405339 97 
407739 118 
453951 269 
480205 268 
328421 305 
336344 5 
155482 115 
168374 117 
168393 211 
175346 137 
187224 158 
1602113 324 
1621956 161 
1661777 92 
1676251 298 
1690695 70 
1698693 142 
1923030 136 
1924309 65 
1955057 91 
1551833 352 
1553613 92 
1596571 324 
1120328 137 
1146927 118 
1153079 139 
1154153 139 
1170649 268 
1174249 139 
1302129 235 
1319678 139 
1341321 8 
1355339 118 
1384738 138 
1712371 259 
1739999 234 
1779072 254 
1814909 232 
1816381 137 
1823461 139 
1844960 270 
1863739 13 
1863836 67 
1881565 350 
1007063 207 
1031928 116 
1401960 199 
1402143 118 
1426071 14 
1205893 116 
1214035 223 
1241845 13 
1244025 184 
1251419 352 
1272750 340 
1284202 60 
1292666 118 
2731797 116 
2743397 138 
2743708 137 
2554404 14 
2556986 83 
2836228 92 
2872300 139 
2896117 10 
2628303 6 
2645835 4 
2685744 139 
2966413 3 
2039874 270 
2054900 12 
2056086 13 
2240342 354 
2248308 117 
2408727 137 
2424153 14 
2424642 92 
2478203 77 
2110851 139 
2112159 139 
2139209 101 
2156152 139 
2193891 256 
2306393 139 
2311592 133 
2316758 134 
2323214 181 
2337226 116 
3702744 142 
3704950 166 
3738511 14 
3739615 139 
3752630 116 
3761274 342 
3784964 139 
3311495 354 
3312832 117 
3360181 10 
3365714 139 
3839744 92 
3852667 273 
3870455 10 
3533271 4 
3541563 99 
3582991 118 
3682612 10 
3697369 91 
3462759 223 
3483749 326 
3494112 259 
3058031 139 
3902933 117 
3907788 132 
3933756 11 
3944159 178 
3944682 219 
3967478 54 
3207281 108 
3233195 11 
3263534 139 
3281421 170 
3288727 263 
3292066 10 
3109526 299 
3111363 138 
3190248 2 
3194621 324 
4615805 219 
4634252 233 
4109478 136 
4110547 68 
4112672 4 
4121704 30 
4122794 108 
4199955 297 
4490060 137 
4908982 5 
4930506 268 
4931530 11 
4955963 266 
4326740 137 
4334043 137 
4346261 264 
4379849 287 
4384979 139 
4397730 189 
4398339 7 
4816971 96 
4831738 92 
4842295 325 
4847412 324 
4848560 138 
4860450 325 
4881938 285 
4883681 142 
4548278 297 
4550082 140 
4566604 139 
4598641 196 
4735527 65 
4744124 8 
4750470 194 
4766388 324 
4779012 137 
4781906 10 
4001346 138 
4098002 139 
4219301 324 
4235108 140 
4245793 237 
4264512 265 
4282072 139 
4288203 15 
5515657 241 
5544469 5 
5570887 103 
5577474 135 
5582903 87 
5765351 325 
5767453 95 
5770457 229 
5786016 268 
5891986 188 
5107566 207 
5115947 139 
5141005 303 
5149284 110 
5164498 139 
5187264 234 
5405023 117 
5420210 12 
5432832 137 
5452619 54 
5465330 137 
5480728 139 
5483434 116 
5621387 262 
5684240 139 
5948995 101 
5974250 62 
5320467 110 
5322198 258 
5325141 137 
5344750 23 
5387252 137 
5392048 139 
5002909 136 
5038784 219 
5041752 137 
5053451 223 
5057792 324 
5093556 121 
5230653 141 
5240069 8 
5249521 4 
5286230 238 
6702021 223 
6711490 90 
6734276 10 
6750982 252 
6798429 353 
6822380 117 
6846726 91 
6891492 137 
6892998 137 
6896700 115 
6608589 10 
6640852 67 
6654866 285 
6680395 139 
6684605 266 
6575026 329 
6900006 138 
6925043 10 
6981392 139 
6984983 215 
6113825 233 
6118013 139 
6150631 172 
6152497 255 
6169776 92 
6425692 78 
6452028 116 
6471637 80 
6492999 180 
6326654 253 
6368194 354 
6377512 3 
6399646 116 
6217088 203 
6243805 15 
6271954 22 
6274653 277 
6285994 139 
6005902 259 
6011046 116 
6020012 117 
6025713 263 
6039806 138 
6060082 358 
7773940 117 
7788044 10 
7501999 102 
7511487 261 
7514008 272 
7547959 115 
7555803 1 
7563445 93 
7629628 90 
7644499 178 
7653229 144 
7656415 142 
7673795 122 
7682688 127 
7834302 10 
7866081 116 
7878272 256 
7908403 7 
7921522 257 
7939780 255 
7959345 116 
7981690 118 
7983756 11 
7150457 258 
7157115 267 
7183754 102 
7325176 264 
7347345 92 
7376647 117 
7379769 299 
7381986 10 
7412713 137 
7439644 117 
7462265 92 
7464091 90 
7482762 297 
7003780 139 
7012589 93 
7019054 137 
7073951 302 
7073971 352 
7094809 67 
7097511 137 
7098728 357 
7206713 13 
7242756 118 
7286917 4 
7293993 326 
8729615 140 
8731480 91 
8750973 139 
8476626 268 
8492541 54 
8609853 303 
8658062 268 
8679676 137 
8693460 254 
8110285 10 
8119711 93 
8121026 331 
8130910 102 
8172895 54 
8178392 267 
8326749 90 
8357708 138 
8362652 117 
8388229 53 
8524239 308 
8524911 326 
8824267 140 
8824439 253 
8863673 189 
8865738 116 
8889050 159 
8889278 225 
8890143 90 
8899680 10 
8901501 141 
8925099 233 
8985620 90 
8990283 94 
8062156 91 
8079224 356 
9522059 132 
9524283 287 
9350049 326 
9386102 5 
9616559 239 
9659854 137 
9813990 116 
9824650 116 
9883192 139 
9883694 118 
9118116 285 
9149662 333 
9154936 259 
9155532 205 
9180058 139 
9703957 135 
9722585 197 
9723838 99 
9761254 136 
9769282 94 
9769417 119 
9775242 135 
9790334 139 
9795543 3 
9799334 54 
9421226 264 
9440594 205 
9458210 352 
9465114 171 
9483309 10 
9027233 10 
9036080 294 
9048360 2 
9050122 92 
9062609 137 
9067104 138 
9069478 106 
9084062 90 
9090984 139 
9209205 103 
9236741 5 
9236867 137 
9248103 14 
9271873 330 
9277988 326 
9288892 112 
10837696 139 
10892181 117 
10440704 56 
10454751 237 
10455048 139 
10536247 10 
10538948 241 
10556822 65 
10559130 10 
10563289 11 
10585176 139 
10592154 14 
10302801 259 
10306091 325 
10308983 137 
10330257 324 
10342841 10 
10343895 12 
10387943 268 
10394336 137 
10708961 143 
10770636 139 
10779006 10 
10797016 116 
10920289 139 
10613433 115 
10623057 69 
10216980 139 
10220659 23 
10251392 90 
10252819 10 
10258796 257 
10291537 324 
10108616 117 
10117783 330 
10120109 138 
10000960 90 
10003885 139 
10059562 111 
10059724 90 
10065524 3 
11743515 137 
11782032 139 
11906537 139 
11943970 156 
11945877 324 
11969873 265 
11637986 13 
11648832 118 
11657014 13 
11688180 10 
11836830 7 
11523469 326 
11581753 10 
11432567 137 
11456194 257 
11468658 325 
11488510 10 
11498898 260 
11116017 116 
11121177 116 
11127334 234 
11138005 143 
11027915 139 
11043043 272 
11065460 291 
11302463 141 
11317032 173 
11318626 92 
11321839 139 
11334018 250 
11335826 342 
11210715 114 
11216308 30 
11225298 136 
11227554 241 
11281485 137 
11297703 138 
12803424 1 
12863197 324 
12401244 90 
12431833 139 
12489573 322 
12943068 325 
12989882 137 
12721387 263 
12728065 137 
12741461 54 
12748601 351 
12768057 235 
12772827 137 
12785704 135 
12791288 90 
12795753 137 
12546094 74 
12562908 93 
12574390 219 
12582409 138 
12601464 238 
12610078 94 
12626905 338 
12642220 241 
12648875 250 
12652125 116 
12676706 117 
12685052 138 
12692540 10 
12214040 142 
12244910 92 
12262482 15 
12365783 117 
12370187 62 
12124005 258 
12128647 260 
12128944 14 
12153279 138 
12156996 137 
12177314 324 
12054456 138 
12075155 138 
12075184 5 
12077424 185 
12091720 299 
12091957 137 
13818458 107 
13885124 50 
13474870 116 
13488052 115 
13493089 270 
13910060 137 
13929164 207 
13929311 140 
13938272 233 
13951879 260 
13960808 352 
13988605 90 
13995710 139 
13714545 137 
13742369 139 
13000143 105 
13004201 116 
13030130 138 
13060050 116 
13072526 54 
13080756 3 
13098840 137 
13207461 137 
13215404 55 
13240911 254 
13248323 198 
13259102 23 
13643974 180 
13647893 139 
13690242 91 
13511129 2 
13512636 109 
13551364 243 
13568242 116 
13595978 352 
13300082 60 
13324032 53 
13100613 279 
13115379 303 
13128539 1 
13172067 122 
13193578 10 
14840024 138 
14842677 5 
14842846 268 
14861904 139 
14875105 138 
14879284 108 
14889208 142 
14644314 139 
14919303 310 
14929853 138 
14939436 353 
14939597 90 
14957817 138 
14301718 60 
14308004 136 
14314990 229 
14339789 210 
14354922 205 
14390014 137 
14550551 172 
14416222 13 
14436669 11 
14443181 324 
14476690 139 
14710139 239 
14740678 252 
14743157 10 
14744554 102 
14754174 257 
14765849 247 
14783004 10 
14783271 137 
14798279 180 
14113643 2 
14134457 140 
14159166 268 
14166473 117 
14172816 138 
14009846 139 
14012390 23 
14064392 117 
14079913 139 
14200876 140 
14205971 139 
14213879 151 
14219672 139 
14238812 92 
14239656 1 
14280848 11 
15701232 324 
15706229 324 
15757201 139 
15759223 326 
15768944 323 
15787619 8 
15323663 102 
15327466 180 
15334389 118 
15360396 138 
15808161 99 
15813003 233 
15835805 10 
15855871 10 
15882431 93 
15515797 257 
15546723 193 
15590393 116 
15593846 323 
15416095 2 
15443936 259 
15470205 234 
15495038 2 
15940280 139 
15949197 92 
15964928 121 
15976686 117 
15600139 139 
15629226 65 
15639973 137 
15650113 67 
15675795 14 
15676878 139 
15695765 139 
15107299 265 
15153196 139 
15263167 111 
15273175 10 
15275722 54 
15280925 136 
15285605 126 
15291274 328 
15017903 139 
15022488 23 
15066765 14 
16609489 65 
16638541 65 
16656583 4 
16658553 260 
16691127 13 
16405523 137 
16451359 271 
16474333 116 
16479915 270 
16731488 237 
16756246 138 
16779032 32 
16787141 92 
16539264 25 
16539445 322 
16546189 55 
16549802 91 
16564221 275 
16580177 90 
16252703 241 
16279846 223 
16294433 4 
16326562 93 
16328693 10 
16337549 152 
16355181 232 
16392983 278 
16829049 10 
16834878 68 
16839648 34 
16844905 60 
16861861 10 
16875102 139 
16875141 117 
16899474 259 
16948737 269 
16957619 322 
16003920 137 
16027454 117 
16029022 14 
16030518 6 
16045013 70 
16074284 211 
16104947 21 
16107723 116 
16129416 189 
16136617 10 
16157869 137 
16160896 271 
16172383 182 
16188136 117 
17702584 10 
17723805 116 
17728880 109 
17730058 181 
17507331 23 
17583629 8 
17592158 275 
17613299 268 
17629923 115 
17638512 261 
17640129 2 
17839524 116 
17857554 54 
17872229 117 
17918931 118 
17945758 137 
17964852 139 
17999551 259 
17110645 271 
17119635 67 
17125328 92 
17125713 137 
17135681 90 
17153525 259 
17160546 324 
17183089 117 
17312499 41 
17386351 70 
17482179 303 
17499935 136 
17236325 350 
17251885 242 
17265849 115 
17279228 139 
18759912 138 
18773480 332 
18776031 137 
18620752 137 
18626875 269 
18639494 116 
18658175 182 
18911305 258 
18989423 260 
18553417 139 
18577519 92 
18401349 90 
18411337 137 
18458976 0 
18208674 229 
18252965 117 
18263920 4 
18298221 252 
18836363 139 
18899997 255 
18309593 205 
18317072 326 
18374145 106 
18392818 90 
18024676 137 
18041562 10 
18048313 241 
18081895 99 
18085263 140 
18105996 137 
18126483 137 
18140478 116 
18148354 92 
18151047 142 
18164938 67 
19601688 139 
19639124 93 
19645858 139 
19650481 326 
19652479 136 
19711521 234 
19720302 10 
19504351 14 
19529265 241 
19589688 90 
19843964 10 
19855479 260 
19855746 350 
19898488 160 
19340036 268 
19342118 273 
19399570 238 
19911724 119 
19965583 10 
19971755 257 
19973556 137 
19994509 139 
19406386 327 
19431156 357 
19436184 136 
19440468 116 
19443146 104 
19453842 323 
19486020 52 
19210743 127 
19228697 10 
19240282 137 
19270617 234 
19298362 138 
19004104 232 
19012819 138 
19143308 324 
19170261 139 
20505072 25 
20518503 93 
20523302 161 
20566081 228 
20568634 161 
20586062 102 
20596021 139 
20716993 14 
20737140 138 
20747195 137 
20755379 10 
20765085 355 
20795171 137 
20804417 139 
20885383 270 
20907739 324 
20972221 137 
20301636 6 
20305307 137 
20320871 326 
20346748 181 
20352644 71 
20624792 54 
20650765 13 
20443108 5 
20443246 61 
20450580 93 
20456584 257 
20487866 139 
20488422 276 
20151992 263 
20156933 137 
20159161 68 
20164253 12 
20210719 358 
20240619 10 
20270607 138 
20291720 90 
20062733 10 
21565649 332 
21718269 352 
21781716 10 
21783736 137 
21792330 118 
21793671 11 
21797055 330 
21846281 7 
21890603 90 
21343675 139 
21343737 270 
21361941 138 
21915204 180 
21929522 351 
21959673 7 
21978103 10 
21984396 237 
21999023 313 
21612744 118 
21416112 138 
21436374 6 
21446887 324 
21468931 102 
21469670 14 
21217340 138 
21244051 353 
21287677 326 
21124327 133 
21191661 239 
21006705 10 
21032242 137 
21042418 92 
21056949 91 
21082899 10 
21097414 92 
22507688 138 
22515466 172 
22520067 116 
22554208 90 
22700951 92 
22724637 138 
22765456 11 
22773535 93 
22785905 255 
22786107 139 
22789650 53 
22861815 274 
22870202 60 
22902323 207 
22953029 326 
22971694 117 
22977846 50 
22314239 116 
22333165 14 
22337160 141 
22379854 139 
22384660 117 
22606082 137 
22623588 118 
22628993 5 
22629636 139 
22653325 137 
22659489 353 
22665861 14 
22671542 137 
22674999 139 
22464691 14 
22469919 91 
22009335 14 
22022128 106 
22048821 117 
22058415 137 
22101103 358 
22112039 260 
22166167 92 
22184129 144 
22200433 224 
22223055 70 
22258346 43 
23644344 268 
23678576 137 
23685618 10 
23830800 137 
23855965 3 
23860368 255 
23871189 258 
23788771 90 
23530183 350 
23577598 283 
23400741 342 
23414735 7 
23421955 295 
23430360 144 
23477853 138 
23354422 253 
23382139 10 
23910260 326 
23913036 91 
23950159 10 
23952482 259 
23955170 234 
23234528 91 
23240640 58 
23246129 271 
23264864 250 
23297947 269 
23299721 92 
23036486 219 
23117447 269 
23143214 357 
23171283 233 
23175096 12 
24721568 93 
24786923 93 
24601603 240 
24941393 117 
24950689 230 
24951245 9 
24989715 116 
24995940 223 
24501075 324 
24572420 139 
24579647 262 
24405601 138 
24407443 1 
24422136 139 
24434726 121 
24893978 23 
24342830 118 
24344789 192 
24356778 12 
24391534 151 
24114720 293 
24121886 137 
24134117 137 
24153329 139 
24154413 139 
24173822 139 
24181911 118 
24193064 241 
24249795 284 
24282730 93 
24296844 138 
24039401 250 
24082469 328 
25708608 170 
25753688 235 
25310055 268 
25310537 5 
25315085 328 
25319199 203 
25326505 89 
25337581 4 
25363463 311 
25364695 54 
25500835 326 
25520540 115 
25544653 26 
25548021 269 
25551319 236 
25555219 90 
25574996 351 
25577097 14 
25580275 60 
25596805 126 
25909446 116 
25914031 266 
25920170 115 
25950041 137 
25995022 116 
25805046 137 
25809849 19 
25830458 136 
25852549 116 
25883948 24 
25893573 137 
25609509 2 
25626763 117 
25629624 13 
25685046 137 
25423531 332 
25468514 271 
25482742 222 
25495832 139 
25156628 142 
25170811 118 
25172253 52 
25220225 141 
25251066 3 
25014657 137 
25018673 255 
25028666 3 
25028848 138 
25045343 114 
26700066 270 
26709006 139 
26711658 204 
26715195 139 
26716935 350 
26723606 10 
26787632 113 
26796329 117 
26694677 142 
26695383 138 
26804598 292 
26863447 116 
26875958 139 
26889863 139 
26893727 253 
26581730 350 
26906860 261 
26914264 324 
26990102 94 
26302724 117 
26373981 118 
26403127 5 
26434285 171 
26455485 170 
26461030 99 
26462645 95 
26478971 15 
26495254 324 
26235281 241 
26285631 241 
26286448 140 
26007140 132 
26017510 139 
26063226 118 
26065716 139 
26067269 117 
26079034 139 
26105107 230 
26122237 234 
26133934 249 
26134084 13 
26169968 350 
26187170 241 
27713115 261 
27717231 226 
27805567 137 
27879433 255 
27887858 6 
27893236 260 
27320749 137 
27387956 114 
27395092 239 
27607860 138 
27613461 90 
27616406 139 
27645363 328 
27648526 324 
27681869 137 
27935017 137 
27263767 270 
27290808 277 
27298597 101 
27417790 253 
27418553 7 
27423445 10 
27453494 5 
27457118 12 
27466449 137 
27476453 137 
27585346 140 
27593319 140 
27101231 94 
27104527 334 
27116727 110 
27117951 15 
27125760 93 
27127816 138 
27127827 137 
27147266 91 
27154403 136 
27169681 271 
27177998 259 
27034862 10 
27081751 219 
27090667 239 
28713119 233 
28717656 139 
28911226 138 
28931290 60 
28932533 30 
28979481 137 
28527507 137 
28528135 137 
28556049 174 
28435647 118 
28452506 269 
28466676 137 
28483119 139 
28484274 90 
28665287 178 
28672267 114 
28841093 8 
28842699 90 
28849033 326 
28865027 91 
28879777 120 
28880554 139 
28340262 115 
28349362 287 
28359624 12 
28360943 10 
28380101 324 
28119416 265 
28177140 139 
28216775 30 
28241180 258 
28261506 271 
28285203 92 
28000431 272 
28070057 92 
28088233 92 
29305750 137 
29311161 242 
29367732 356 
29385962 139 
29701431 139 
29748083 136 
29749881 357 
29766755 335 
29512184 137 
29577406 326 
29590234 94 
29993305 10 
29619024 139 
29646181 139 
29678639 139 
29686184 326 
29809210 324 
29834100 116 
29840319 165 
29874435 5 
29437782 138 
29457528 138 
29108186 241 
29113268 262 
29172598 259 
29201449 116 
29210222 350 
29276387 235 
29283832 12 
29016105 13 
29033302 69 
29085310 139 
29092693 140 
30812182 263 
30812678 137 
30856220 235 
30881255 225 
30882647 287 
30703603 91 
30751335 141 
30791303 137 
30518188 262 
30527792 313 
30552955 255 
30590837 11 
30959283 116 
30977839 8 
30621622 154 
30646008 268 
30655239 43 
30658058 118 
30668845 271 
30689965 257 
30697306 3 
30417684 233 
30425766 1 
30427093 0 
30428116 90 
30429244 8 
30443822 4 
30476844 52 
30493962 235 
30125456 138 
30137166 54 
30165763 270 
30179446 324 
30183960 117 
30313522 139 
30334059 137 
30339124 269 
30390191 118 
30398470 350 
30208908 333 
30254279 262 
30025655 158 
30038008 115 
30043208 139 
31707927 289 
31719097 137 
31720959 139 
31731423 137 
31735838 109 
31769617 236 
31774776 139 
31927005 116 
31934442 139 
31961236 137 
31978884 65 
31998682 269 
31614558 11 
31628364 10 
31662009 262 
31662185 326 
31664498 117 
31692991 94 
31693681 139 
31698293 200 
31349691 237 
31371967 12 
31384875 10 
31514110 352 
31523714 259 
31550232 109 
31550825 91 
31550923 10 
31556138 90 
31574933 60 
31846334 138 
31858982 233 
31888742 93 
31402819 115 
31447658 91 
31470316 13 
31483344 137 
31209915 259 
31219508 203 
31230210 137 
31262743 99 
31277720 10 
31178955 134 
31195659 137 
31007114 92 
31009626 139 
31025140 119 
31044178 12 
32513190 5 
32516609 10 
32535277 94 
32557810 110 
32729382 137 
32736419 2 
32751359 138 
32751676 136 
32752147 323 
32773294 92 
32778653 90 
32793523 326 
32797380 143 
32902280 9 
32906315 7 
32930629 7 
32950747 180 
32970866 259 
32800545 92 
32829241 262 
32838174 119 
32861359 5 
32884781 10 
32893304 313 
32323915 203 
32340142 243 
32346356 137 
32351005 252 
32363747 151 
32390626 137 
32654456 222 
32690741 262 
32123907 92 
32151078 13 
32457065 139 
32496267 14 
32050738 3 
32067535 13 
32069118 252 
32073096 241 
32080573 178 
32205916 116 
32259239 4 
32268526 231 
32271517 3 
32280976 237 
32291642 137 
33501641 220 
33543027 8 
33572883 105 
33591549 139 
33332576 137 
33615695 253 
33651788 5 
33668009 174 
33673853 333 
33406020 5 
33429101 139 
33437790 30 
33463002 14 
33957526 141 
33963433 121 
33965068 233 
33124736 260 
33148930 124 
33165797 3 
33070831 11 
33073251 253 
33076916 250 
33078215 114 
33257536 93 
33287660 226 
34706812 137 
34753441 6 
34757179 116 
34768036 92 
34780903 152 
34634124 92 
34530254 67 
34575748 10 
34576151 108 
34588312 286 
34589510 55 
34904204 137 
34919132 92 
34943059 137 
34943443 65 
34971969 255 
34801288 91 
34811532 115 
34815163 139 
34867741 172 
34880891 266 
34884495 105 
34887778 8 
34891135 259 
34417965 15 
34479967 91 
34494523 94 
34300527 139 
34319135 137 
34320150 139 
34325990 116 
34351592 68 
34354208 139 
34355541 135 
34357315 117 
34362544 117 
34376034 262 
34206291 90 
34211643 226 
34260904 94 
34285654 52 
34120714 258 
34003025 141 
34018032 285 
34074784 4 
35724184 90 
35755282 137 
35768115 138 
35773961 139 
35775565 137 
35504410 4 
35555017 8 
35563857 138 
35565309 140 
35569347 137 
35612714 137 
35613696 259 
35616191 66 
35630221 264 
35680711 172 
35681719 271 
35912131 254 
35921913 259 
35948370 118 
35958337 232 
35981164 137 
35983979 117 
35314974 90 
35347127 269 
35349400 264 
35356068 75 
35367240 354 
35801351 140 
35806042 230 
35853272 177 
35879812 333 
35422730 352 
35428728 93 
35455164 189 
35469036 141 
35250181 136 
35259548 93 
35282155 6 
35000877 115 
35064714 65 
36857065 102 
36711495 324 
36719017 324 
36734723 137 
36740438 90 
36750760 137 
36761672 139 
36769100 138 
36788305 139 
36793562 4 
36526594 135 
36544144 140 
36565903 111 
36650936 140 
36680032 137 
36914509 120 
36945175 172 
36972899 229 
36307780 56 
36324436 139 
36383578 232 
36386994 137 
36457252 13 
36492989 137 
36495535 10 
36238696 92 
36252973 10 
36291733 329 
36101921 326 
36124389 22 
36133444 3 
36138432 64 
36174064 139 
36079498 334 
36082373 239 
36085689 196 
37676049 47 
37396678 142 
37914891 116 
37974559 117 
37741695 142 
37755976 4 
37810200 350 
37830085 116 
37845275 10 
37850904 10 
37873731 122 
37404339 10 
37425909 1 
37464752 93 
37467137 14 
37474604 253 
37530498 139 
37538670 96 
37554266 137 
37555257 158 
37568464 112 
37207599 90 
37213516 59 
37223806 60 
37250863 120 
37266930 136 
37280707 273 
37103360 5 
37157641 139 
37005883 139 
37018388 259 
37029202 137 
37034765 14 
37058902 137 
37081247 52 
37083337 259 
38703705 233 
38711477 234 
38714466 6 
38503717 11 
38523142 233 
38550811 351 
38619808 244 
38620604 137 
38632467 252 
38663575 170 
38688714 140 
38407368 6 
38413814 328 
38423540 358 
38436562 139 
38310685 10 
38316450 230 
38333857 284 
38364464 4 
38377053 139 
38201723 10 
38111113 102 
38157636 6 
38164997 327 
38168148 137 
38197515 13 
38005964 109 
38018823 253 
38020259 7 
38021348 264 
38048879 117 
38049346 349 
38068082 271 
38089839 92 
38094649 117 
