68994541 359
417466 209 
429344 137 
433498 10 
451722 140 
460485 3 
461426 102 
473005 117 
481326 53 
484358 137 
496318 92 
507062 117 
521024 139 
573097 113 
586948 263 
223708 108 
238950 233 
239813 94 
275734 139 
136750 23 
149386 264 
151381 10 
161407 95 
176046 122 
185781 2 
629753 10 
631796 139 
722282 139 
737395 11 
753990 65 
787506 72 
788077 156 
793363 1 
799494 92 
902644 324 
903169 354 
905553 138 
912502 91 
986507 137 
310198 116 
322838 3 
338846 324 
358667 116 
362204 10 
363231 137 
373310 181 
390166 143 
811280 93 
814233 226 
829949 117 
831889 95 
845235 138 
883040 350 
890797 257 
893047 10 
17806 140 
25160 28 
30299 23 
72925 263 
81485 90 
1511682 245 
1559455 354 
1574806 9 
1707670 324 
1714011 324 
1755193 234 
1001991 14 
1017621 225 
1035668 259 
1065916 272 
1072464 69 
1079854 118 
1081183 92 
1091895 235 
1094606 324 
1836026 349 
1845597 353 
1871943 137 
1880949 116 
1891214 234 
1306455 140 
1350707 139 
1356509 139 
1134850 9 
1199066 142 
1412730 323 
1423281 264 
1446002 287 
1453192 117 
1454522 139 
1465965 14 
1479176 5 
1601630 118 
1605864 139 
1611257 139 
1621894 25 
1646560 93 
1649242 140 
1668238 92 
1675219 42 
1693273 241 
1230145 92 
1281813 142 
1916096 172 
1980953 264 
1989742 0 
2620095 137 
2637365 186 
2674288 227 
2693311 102 
2814104 241 
2833511 297 
2850361 119 
2855527 139 
2869671 139 
2100200 4 
2100552 262 
2132080 238 
2135062 5 
2179364 137 
2521489 231 
2522434 324 
2522916 50 
2530393 204 
2531135 233 
2540477 95 
2243676 117 
2245211 6 
2253406 241 
2296827 137 
2018338 67 
2053728 136 
2064947 235 
2074503 56 
2095540 139 
2718013 178 
2720365 137 
2751856 297 
2771960 91 
2317229 235 
2331319 115 
2343808 101 
2345188 171 
2352144 137 
2376931 269 
2386629 137 
2910753 91 
2911963 289 
2921864 4 
2926288 265 
2929503 137 
2942481 233 
2950861 324 
2959699 5 
2983152 259 
2984629 12 
2419717 354 
2420330 138 
2443751 268 
2449754 137 
2469547 220 
2470040 10 
2487664 139 
3502060 99 
3510386 90 
3519398 137 
3532219 137 
3569892 26 
3575433 184 
3581229 89 
3702607 15 
3704726 269 
3728719 117 
3749488 258 
3751819 7 
3756916 10 
3772714 120 
3798657 117 
3926958 118 
3933116 10 
3421386 65 
3452711 116 
3677058 136 
3306940 10 
3307628 185 
3312872 225 
3347097 91 
3360621 8 
3369475 118 
3089099 91 
3099460 267 
3806681 13 
3831891 350 
3872311 118 
3882899 180 
3888549 116 
3156463 138 
3178493 13 
3230660 138 
3237053 326 
3241577 138 
3262785 142 
3275563 138 
4313596 139 
4313619 137 
4328755 92 
4707722 137 
4771864 139 
4774461 138 
4781147 138 
4911812 322 
4922123 222 
4957045 242 
4957224 241 
4958872 140 
4964380 252 
4551797 117 
4590944 10 
4804110 139 
4815762 139 
4829164 260 
4841425 117 
4846374 114 
4847056 324 
4855998 10 
4874308 10 
4020806 118 
4051216 140 
4405603 246 
4406167 257 
4416886 180 
4438748 139 
4447590 4 
4456510 15 
4468136 12 
4479477 141 
4481209 137 
4201414 249 
4203029 267 
4225573 105 
4226241 172 
4245178 350 
4275769 137 
4293709 267 
4297371 90 
4297845 263 
4127165 242 
4149349 140 
4160421 357 
4168149 138 
4604099 324 
4624423 276 
4628868 137 
4651441 142 
4678412 91 
4682933 207 
5031007 116 
5092479 139 
5096745 91 
5097626 270 
5413083 92 
5461292 247 
5498182 108 
5618056 117 
5618197 137 
5127201 139 
5151038 137 
5159700 137 
5177605 138 
5178990 139 
5255235 138 
5308519 10 
5327726 10 
5334536 91 
5530946 116 
5532116 139 
5540706 9 
5541853 139 
5542954 138 
5571524 138 
5588272 116 
5588956 10 
5597910 137 
5909624 138 
5920369 116 
5930969 10 
5967836 323 
5968515 7 
5981189 137 
5721366 20 
5750872 244 
5762969 242 
5772004 16 
5780199 241 
5785032 238 
5803530 351 
5814903 241 
5818184 181 
5838816 46 
5849235 172 
5896007 67 
6107819 105 
6133477 117 
6143227 137 
6143464 10 
6147726 139 
6164447 268 
6179977 144 
6254005 102 
6264062 132 
6270910 253 
6411448 11 
6417057 138 
6417496 1 
6431785 139 
6481100 243 
6493513 297 
6025830 139 
6046779 263 
6553900 342 
6562824 53 
6335351 137 
6604868 92 
6619125 90 
6637952 54 
6680093 341 
6702063 139 
6714166 233 
6722284 139 
6732979 258 
6746575 81 
6762981 139 
6781849 145 
6784984 324 
6912131 288 
6929646 241 
6932517 137 
6940716 4 
6972553 115 
6982076 328 
6806161 268 
6812762 234 
6814762 138 
6831438 139 
6844686 217 
6874914 139 
7427017 216 
7454017 138 
7490007 90 
7011292 233 
7011829 241 
7017489 90 
7062037 301 
7089669 118 
7534994 99 
7538546 116 
7543855 70 
7547836 92 
7556930 143 
7581798 171 
7582475 118 
7303646 325 
7333041 139 
7335178 10 
7337211 9 
7360420 92 
7366124 139 
7381037 137 
7387489 13 
7398435 11 
7238153 2 
7273817 92 
7284184 44 
7290786 118 
7293397 10 
7298412 136 
7114235 283 
7143444 232 
7176562 118 
7841594 233 
7844080 139 
7891254 13 
7894915 14 
7901266 142 
7931172 324 
7957361 54 
7971628 13 
7973728 139 
7979484 136 
7994173 10 
7999128 101 
7611181 10 
7614809 185 
7637129 143 
7650222 116 
7683944 342 
7691057 5 
7701109 137 
7789741 10 
8607989 68 
8617333 12 
8661101 137 
8666758 116 
8679227 269 
8680249 10 
8438261 249 
8450353 90 
8479400 239 
8252885 138 
8283824 72 
8299882 111 
8925051 298 
8932260 116 
8948463 137 
8951907 142 
8821788 252 
8852345 292 
8863705 237 
8878672 322 
8894034 267 
8895257 234 
8702634 139 
8735100 65 
8745222 234 
8756304 139 
8769747 117 
8785867 80 
8509537 116 
8514021 117 
8515549 268 
8531922 1 
8547062 10 
8315046 137 
8319485 139 
8329946 54 
8332906 30 
8381180 92 
8158392 115 
8003386 226 
8023119 10 
8029043 180 
8036410 101 
8042898 350 
9036680 143 
9089873 137 
9097732 117 
9433482 231 
9434510 10 
9445120 142 
9468188 5 
9110759 139 
9115363 22 
9152928 10 
9924833 140 
9928261 334 
9942167 102 
9979774 8 
9504792 10 
9555102 10 
9557007 5 
9202980 102 
9252848 94 
9301195 13 
9303786 195 
9371956 109 
9371965 93 
9724968 269 
9775408 1 
9776017 137 
9779683 241 
9818734 116 
9830267 137 
9832930 255 
9879395 258 
9883855 92 
9888036 139 
9888623 10 
9890711 235 
9614679 301 
9625427 324 
9657237 265 
10422758 174 
10427164 137 
10454466 139 
10458739 10 
10472136 139 
10477807 239 
10106966 286 
10120625 116 
10123287 324 
10127426 350 
10132816 264 
10164212 304 
10167280 120 
10306525 112 
10310511 204 
10313079 8 
10319303 264 
10334657 232 
10337369 22 
10344369 258 
10349893 137 
10361802 122 
10373774 241 
10385329 13 
10388041 259 
10391715 99 
10397296 10 
10736558 300 
10738800 3 
10745624 10 
10527297 93 
10566854 118 
10575487 260 
10588186 93 
10246117 10 
10250054 139 
10266919 137 
10288384 221 
10295768 92 
10015085 90 
10021550 117 
10026705 139 
10037488 142 
10041081 139 
10054547 263 
10095037 186 
10095965 13 
10602062 324 
10612610 139 
10653639 299 
10664374 139 
10678422 69 
10688781 91 
10902214 137 
10921190 137 
10921448 3 
10936042 268 
10959746 117 
10979181 117 
10988565 195 
10990352 226 
10831806 138 
10834919 139 
10846064 75 
10849566 231 
10855572 263 
10864148 139 
10866119 328 
10869358 285 
11530878 13 
11539487 12 
11551878 350 
11571903 330 
11590196 324 
11593635 137 
11598699 117 
11599456 7 
11103961 7 
11106062 106 
11147218 135 
11148784 93 
11149680 301 
11178653 4 
11180702 223 
11009470 324 
11029599 117 
11041918 10 
11046502 234 
11056337 72 
11095361 94 
11245011 136 
11249865 92 
11276002 10 
11279097 286 
11299054 137 
11413322 353 
11446507 241 
11451358 134 
11472672 141 
11475388 135 
11493281 114 
11301920 65 
11313761 139 
11326831 139 
11328628 117 
11343013 10 
11362867 324 
11387361 38 
11630308 20 
11644548 117 
11650985 139 
11652615 14 
11685692 7 
11697239 93 
11697739 262 
11911921 72 
11915893 6 
11931942 22 
11947785 137 
11966582 313 
11982810 109 
11812873 293 
11835874 10 
11837300 116 
11871850 264 
11879979 114 
11706240 203 
11723867 137 
11735581 10 
11772869 10 
11795519 285 
12810825 139 
12818166 93 
12837804 240 
12838902 234 
12882312 105 
12600009 111 
12655157 23 
12669975 1 
12672311 53 
12345235 328 
12347883 120 
12357395 154 
12526215 99 
12544394 182 
12157549 139 
12419610 5 
12450706 139 
12457053 174 
12457345 116 
12475792 203 
12233723 9 
12265318 137 
12284400 26 
12297119 262 
12719820 138 
12759018 92 
12774015 23 
12778171 121 
12002070 139 
12010859 10 
12070686 94 
12078736 139 
12910732 260 
12921121 231 
12943112 116 
13322560 116 
13323548 237 
13345654 10 
13112058 5 
13142618 90 
13505768 232 
13525958 0 
13528377 232 
13568254 67 
13593656 10 
13800181 151 
13805510 117 
13868665 326 
13871867 137 
13701187 232 
13707707 181 
13717260 272 
13724035 252 
13729809 252 
13764900 116 
13792920 90 
13036480 323 
13051005 93 
13060288 303 
13065700 102 
13086877 4 
13422094 354 
13496340 138 
13635012 138 
13654337 114 
13670555 138 
13931323 260 
13932464 138 
13948489 269 
13251434 172 
14319673 117 
14319817 188 
14323268 66 
14324641 5 
14342769 235 
14348542 139 
14378561 353 
14379859 90 
14384846 79 
14390129 90 
14101436 137 
14133616 117 
14165375 6 
14181616 262 
14406607 10 
14408460 10 
14441710 239 
14455999 137 
14464411 233 
14468287 106 
14469860 324 
14477008 92 
14478918 139 
14828419 118 
14844119 10 
14848590 11 
14884648 354 
14923714 142 
14936520 220 
14948118 92 
14959246 122 
14971200 326 
14986605 137 
14033643 10 
14037614 137 
14040993 136 
14060184 105 
14067534 65 
14095326 4 
14208705 322 
14213212 24 
14217328 140 
14235559 132 
14243272 93 
14245980 10 
14262341 10 
14272618 139 
14284753 186 
14285033 10 
14509702 242 
14584161 102 
14591486 115 
14707675 92 
14713971 174 
14725013 235 
14775036 259 
14627502 10 
14654850 90 
14688512 10 
14694868 10 
15000904 6 
15001382 212 
15023734 112 
15029133 137 
15033460 5 
15045050 138 
15091631 91 
15106281 137 
15110996 10 
15168888 291 
15177470 324 
15181633 1 
15193064 90 
15402558 301 
15410584 239 
15467600 118 
15472830 235 
15477391 231 
15492291 96 
15310577 4 
15312622 93 
15340957 262 
15357317 90 
15384275 30 
15395738 328 
15524074 139 
15565191 172 
15572488 329 
15574495 328 
15644492 67 
15654372 139 
15663726 23 
15672358 139 
15679999 263 
15683514 252 
15202445 120 
15224228 284 
15252922 136 
15254179 137 
15268469 104 
15271905 138 
15282510 135 
15291042 139 
15849647 350 
15854000 136 
15877749 138 
15879730 324 
15881080 239 
15904015 137 
15946584 237 
15953950 252 
15961501 237 
15981186 138 
15998988 52 
15707810 258 
15739179 138 
15758251 242 
15784043 93 
16802846 10 
16829457 139 
16849302 117 
16704024 92 
16707865 117 
16710352 297 
16718769 0 
16727108 345 
16755647 140 
16761849 149 
16774654 89 
16791296 137 
16792750 322 
16400551 116 
16409437 90 
16412828 117 
16448095 350 
16471099 235 
16475592 138 
16476918 116 
16491042 264 
16638316 350 
16659722 140 
16698282 117 
16302566 138 
16320470 262 
16337422 139 
16350119 91 
16528997 10 
16544346 138 
16555468 184 
16590378 5 
16113937 103 
16119471 60 
16175801 90 
16028072 139 
16091736 234 
16093287 101 
16279913 116 
16299794 101 
16911237 117 
16922472 271 
16992748 137 
17603492 139 
17611652 116 
17612419 139 
17628622 15 
17669717 90 
17683840 10 
17701644 93 
17703097 298 
17713779 102 
17726558 252 
17734441 118 
17742173 138 
17764871 226 
17792974 255 
17503759 144 
17553312 225 
17574211 10 
17586910 144 
17588563 139 
17429309 272 
17465038 181 
17485317 137 
17490226 48 
17119641 12 
17142307 50 
17319731 225 
17321722 136 
17324445 259 
17339449 3 
17345993 196 
17208291 116 
17210987 137 
17213105 115 
17225122 69 
17259611 243 
17269031 258 
17271716 136 
17276416 195 
17904019 116 
17908639 10 
17915869 137 
17919857 116 
17927924 106 
17973256 139 
17019843 9 
17038871 116 
17061151 234 
17063963 32 
17068594 233 
17070718 101 
17083027 226 
17805322 353 
17811510 6 
17825064 174 
17842680 139 
17847121 341 
17855306 137 
17898359 3 
18608633 342 
18609421 102 
18614738 139 
18626826 15 
18649042 13 
18683081 115 
18691556 23 
18123906 328 
18128207 115 
18184315 350 
18186284 329 
18307740 330 
18322299 139 
18343896 139 
18388713 121 
18391311 10 
18393758 12 
18021072 252 
18046862 234 
18066572 6 
18086577 233 
18087315 358 
18502489 3 
18532101 22 
18563794 323 
18569525 338 
18583032 132 
18592991 357 
18216153 109 
18220582 239 
18221720 116 
18234345 117 
18234819 1 
18266435 139 
18284393 140 
18290759 139 
18298431 117 
18404160 15 
18414602 326 
18426608 138 
18434641 247 
18437140 90 
18447618 10 
18733838 117 
18747557 102 
18755373 271 
18780237 117 
18790680 1 
18807601 139 
18847691 14 
18864380 15 
18915149 92 
18929219 228 
18948217 138 
18988101 122 
18988926 328 
19409829 116 
19417229 170 
19418751 91 
19431858 94 
19453813 312 
19464865 137 
19473038 119 
19476694 323 
19493374 260 
19493507 234 
19496066 6 
19499453 185 
19526657 139 
19526786 43 
19529219 261 
19556580 330 
19569093 324 
19843459 90 
19858855 10 
19886363 222 
19897460 140 
19713863 232 
19714779 262 
19721831 117 
19729484 10 
19748874 262 
19794931 137 
19104684 243 
19107474 197 
19110915 54 
19144391 10 
19150331 255 
19167820 139 
19177402 324 
19914066 138 
19925985 137 
19950148 137 
19972222 140 
19279112 132 
19287103 138 
19664281 326 
19669925 258 
19000861 12 
19020939 83 
19056421 228 
19087767 138 
19330896 139 
19385457 90 
19398882 137 
20303110 269 
20304717 114 
20321586 118 
20326805 8 
20334535 139 
20356418 3 
20372797 233 
20715207 24 
20730112 324 
20733416 262 
20741946 222 
20755352 91 
20760674 226 
20773353 10 
20779844 90 
20789102 137 
20111178 10 
20125170 10 
20128358 137 
20139590 222 
20145175 118 
20169110 353 
20169803 139 
20428231 114 
20471824 10 
20242309 116 
20260619 197 
20261053 286 
20286353 137 
20649029 353 
20502190 137 
20505123 137 
20530941 137 
20597169 10 
20598197 56 
20000695 137 
20023231 350 
20035295 138 
20902080 7 
20931278 139 
20936044 78 
20957688 1 
20970878 255 
20990513 253 
20820515 118 
20853994 118 
20877958 270 
20895598 10 
21500511 258 
21550377 10 
21555333 137 
21556975 174 
21707663 92 
21712159 137 
21739647 23 
21814224 7 
21826630 137 
21856626 117 
21899605 138 
21308739 335 
21357044 113 
21372931 237 
21202941 263 
21228434 263 
21252980 10 
21295668 234 
21002441 357 
21004951 113 
21077661 121 
21081764 13 
21083308 115 
21093554 139 
21099943 102 
21443728 116 
21451410 117 
21451613 9 
21465855 13 
21473699 91 
21491650 117 
21127511 358 
21131797 117 
21132851 117 
21133392 6 
21154118 324 
21160363 116 
21176842 93 
21181284 139 
21919064 260 
21936925 6 
21972667 259 
21992131 138 
21628002 139 
21655980 117 
21670887 1 
22123899 65 
22141206 92 
22144278 117 
22146506 138 
22153290 137 
22155388 93 
22536529 310 
22587961 118 
22591396 138 
22637436 10 
22677839 262 
22313309 139 
22314022 287 
22329351 0 
22337112 299 
22230939 269 
22256227 119 
22260915 139 
22281490 253 
22294931 291 
22714755 186 
22732396 36 
22790741 137 
22476813 137 
22477408 137 
22479547 90 
22490884 142 
22070502 7 
22904340 10 
22966023 5 
22980008 139 
22985551 13 
22985591 5 
22994142 324 
22803264 326 
22833747 10 
22843116 342 
22846041 91 
22856706 91 
22872681 137 
23010524 112 
23025988 49 
23050561 286 
23051287 116 
23051721 99 
23061518 10 
23093066 139 
23096824 82 
23614963 357 
23615644 10 
23627369 358 
23630948 139 
23664331 259 
23509603 139 
23513220 14 
23532296 137 
23555522 287 
23557572 324 
23580175 0 
23701374 139 
23701911 358 
23711766 143 
23739464 93 
23781594 111 
23789325 138 
23412920 137 
23440352 7 
23464358 139 
23469634 15 
23481243 81 
23485740 120 
23489010 116 
23497775 118 
23824399 116 
23859570 124 
23866249 260 
23882055 10 
23892880 258 
23218287 117 
23248065 10 
23263500 144 
23285138 11 
23286390 52 
23288522 139 
23290309 233 
23300591 90 
23338178 99 
23352895 67 
23387581 313 
23388011 259 
23388686 235 
23118547 350 
23144042 324 
23149034 94 
23162976 117 
23167844 197 
23173124 328 
23182185 137 
23908596 92 
23914922 314 
23921895 3 
23931272 7 
23945926 12 
23949748 139 
23954823 270 
23961850 12 
23982068 117 
23983150 1 
23989621 350 
23993296 255 
24613852 138 
24627593 116 
24631177 73 
24638646 142 
24667887 225 
24674050 10 
24694564 264 
24100352 139 
24118037 355 
24142223 10 
24191384 139 
24197514 268 
24501522 137 
24502691 138 
24530044 258 
24706099 11 
24732462 5 
24773900 139 
24927992 7 
24982610 10 
24997253 324 
24015649 328 
24052171 8 
24074275 258 
24074633 54 
24075351 299 
24324303 249 
24326140 93 
24341856 92 
24342799 291 
24351330 178 
24383107 67 
24436430 139 
24438796 137 
24442057 117 
24475795 253 
24478132 137 
24498030 298 
24214225 91 
24264684 92 
24280028 101 
24281049 137 
24809000 346 
24811175 139 
24832216 235 
24883587 152 
24885011 90 
24886371 118 
25504506 262 
25510884 117 
25512272 139 
25538641 137 
25539007 301 
25548487 103 
25563678 113 
25567429 117 
25570830 49 
25585320 342 
25595481 30 
25598955 116 
25206862 195 
25207271 227 
25208324 225 
25218087 4 
25225184 103 
25255221 253 
25288631 277 
25289582 92 
25293733 118 
25304923 269 
25305226 118 
25307162 324 
25351492 77 
25383598 139 
25388127 64 
25428619 116 
25458106 227 
25619704 55 
25645358 260 
25669001 114 
25688123 155 
25125677 14 
25131159 92 
25160627 116 
25184959 313 
25194974 297 
25723609 117 
25767679 116 
25911051 91 
25933102 15 
25941530 92 
25947934 5 
25973190 352 
25974672 116 
25985423 115 
25836643 30 
25852702 136 
25887867 260 
25892292 326 
26608493 138 
26615803 10 
26656148 270 
26659218 48 
26669099 109 
26676392 108 
26677270 183 
26679432 4 
26824529 65 
26827943 136 
26857485 2 
26857840 226 
26113447 124 
26115620 173 
26119633 140 
26170494 33 
26179945 13 
26300040 10 
26370428 126 
26408662 116 
26410658 266 
26441787 109 
26457864 8 
26485729 266 
26489357 139 
26496240 13 
26512223 116 
26526907 137 
26566533 137 
26577339 137 
26024747 92 
26039940 90 
26045950 94 
26050832 232 
26063507 12 
26071574 350 
26074373 109 
26714587 260 
26722341 270 
26756408 271 
26792434 350 
26792782 253 
26799201 115 
26202185 92 
26219891 10 
26224344 270 
26229087 54 
26230931 26 
26270635 137 
26299974 137 
26908507 117 
26916748 8 
26960151 139 
26982304 354 
26983509 262 
27428855 140 
27430423 136 
27475196 139 
27477309 10 
27493190 7 
27495605 207 
27331618 10 
27387438 141 
27394599 138 
27114431 99 
27117103 90 
27119500 114 
27119668 10 
27160447 116 
27174240 115 
27174614 93 
27190657 11 
27819428 139 
27833426 137 
27873435 116 
27722714 91 
27739245 113 
27740866 91 
27745141 350 
27783811 230 
27033880 326 
27038370 117 
27038587 117 
27049043 54 
27057342 269 
27060026 223 
27095715 138 
27518378 224 
27534862 91 
27588342 11 
27207403 137 
27219325 10 
27228273 180 
27234735 224 
27258367 10 
27269962 138 
27611937 223 
27625458 70 
27656615 259 
27673830 299 
27679132 10 
27930089 172 
27963528 139 
27974345 234 
28715990 111 
28751513 137 
28753380 259 
28798762 350 
28814456 153 
28830542 184 
28850763 90 
28871777 270 
28886726 268 
28006390 136 
28038096 23 
28076114 10 
28089358 140 
28097019 95 
28435026 81 
28436661 235 
28449309 13 
28491737 10 
28101667 120 
28107009 324 
28117963 139 
28136247 138 
28151408 92 
28179990 139 
28303405 137 
28306816 139 
28344790 7 
28359910 324 
28361105 164 
28368982 118 
28378311 188 
28503523 142 
28518965 10 
28557094 1 
28563458 121 
28567664 92 
28567827 5 
28605258 139 
28608097 91 
28609236 23 
28650456 136 
28657104 139 
28657217 117 
28664817 207 
28669496 219 
28686276 118 
28205176 137 
28222562 117 
28233917 102 
28241527 139 
28242302 23 
28268751 354 
28907576 116 
28917442 6 
28920802 139 
29112815 47 
29141591 114 
29142867 48 
29194559 116 
29513648 6 
29527912 136 
29534456 137 
29544811 22 
29546959 225 
29568013 234 
29570389 92 
29582728 90 
29592582 329 
29318958 44 
29347639 327 
29349869 54 
29358645 273 
29368416 235 
29376601 10 
29423689 233 
29425251 137 
29445484 238 
29446746 333 
29453277 15 
29458860 259 
29471010 140 
29000293 10 
29036930 172 
29059683 326 
29062780 8 
29067063 296 
29075664 118 
29202664 136 
29233456 232 
29239291 140 
29267397 299 
29268516 122 
29296021 10 
29668022 139 
29672417 5 
29697887 138 
29718262 137 
29731387 325 
29778328 139 
29788134 10 
29927518 13 
29982894 137 
29818003 10 
29830949 122 
29846708 260 
29864567 132 
29872217 91 
29872224 96 
29874904 217 
29890777 22 
30004506 8 
30061508 12 
30061762 91 
30066249 281 
30072372 92 
30084318 10 
30099958 116 
30503673 193 
30504090 323 
30527336 203 
30546987 237 
30607405 116 
30637784 309 
30642877 117 
30657360 90 
30657684 139 
30224168 12 
30278582 116 
30293200 262 
30793501 68 
30100045 225 
30116044 172 
30126681 182 
30165504 139 
30172994 118 
30387209 329 
30396368 137 
30906113 357 
30972667 75 
30978090 137 
30978600 141 
30980269 108 
30430566 226 
30467163 119 
30484463 137 
30805795 352 
30808138 137 
30820962 173 
30821076 118 
30827343 93 
30871060 128 
30891770 140 
31520885 92 
31529119 7 
31530978 324 
31532242 177 
31589402 352 
31597816 116 
31704546 265 
31753925 303 
31755424 326 
31759025 15 
31762221 137 
31763198 238 
31408209 93 
31432840 139 
31470264 137 
31476073 342 
31205647 92 
31216977 70 
31218357 65 
31267926 137 
31270989 259 
31000299 118 
31003170 328 
31010487 10 
31014760 325 
31027008 322 
31059397 137 
31062151 285 
31086360 324 
31088486 327 
31088966 122 
31930975 139 
31936831 4 
31939198 121 
31987801 116 
31105003 136 
31116211 116 
31166909 139 
31175651 139 
31176126 139 
31184972 92 
31801498 12 
31801739 184 
31813149 110 
31844436 109 
31884368 101 
31898245 324 
31627936 10 
31639387 324 
31642162 139 
31653187 91 
31300693 354 
31350366 12 
31383497 116 
32807062 137 
32881826 7 
32891749 90 
32898662 116 
32913684 268 
32923861 90 
32987659 228 
32990075 181 
32325485 11 
32349670 233 
32353609 138 
32392864 139 
32428872 118 
32452689 141 
32462686 137 
32488431 118 
32712404 139 
32732063 90 
32760881 116 
32778962 13 
32789781 139 
32503546 109 
32553064 137 
32574716 69 
32591823 116 
32595717 8 
32022533 12 
32087182 12 
32610501 324 
32613977 269 
32625982 269 
32207709 137 
32229929 115 
32251004 118 
32266233 116 
32271487 139 
32172749 9 
32173628 174 
32182848 137 
32193761 231 
33909403 182 
33919462 67 
33944515 10 
33949953 262 
33959305 69 
33988339 241 
33993209 91 
33744694 104 
33744756 12 
33747252 118 
33749588 269 
33770881 92 
33773805 106 
33793532 116 
33126106 65 
33129817 238 
33141391 70 
33193496 221 
33198233 139 
33022832 353 
33035916 137 
33051853 225 
33053849 194 
33088281 92 
33542316 298 
33560797 331 
33582356 348 
33591512 272 
33834346 257 
33840908 90 
33846442 14 
33846500 140 
33849892 116 
33851409 10 
33868812 265 
33883360 126 
33655787 10 
33686276 22 
33691296 235 
33696356 328 
33699709 203 
33314998 16 
33320555 240 
33336508 353 
33342008 118 
33369593 139 
33418924 69 
33425391 232 
33435751 67 
33458971 10 
33475396 23 
33490254 119 
33498084 262 
33207688 137 
33246815 14 
33248379 139 
33261213 253 
33280958 116 
33295069 232 
34918028 139 
34931085 13 
34941062 101 
34949356 137 
34951710 116 
34978118 102 
34401095 137 
34406199 8 
34419933 263 
34427485 116 
34428569 265 
34470332 53 
34470564 139 
34513410 324 
34544119 139 
34553575 10 
34569062 137 
34579381 260 
34580607 8 
34101460 137 
34126797 194 
34129232 10 
34158175 324 
34170620 8 
34008094 5 
34015418 139 
34038783 3 
34056702 4 
34084687 134 
34091724 10 
34200169 92 
34201342 137 
34241322 137 
34260348 118 
34263321 223 
34272145 297 
34284472 114 
34323698 15 
34370496 5 
34810163 239 
34811339 262 
34817170 116 
34835883 139 
34865878 11 
34868670 10 
34871247 41 
34877697 259 
34700370 111 
34708367 237 
34753757 236 
34755042 108 
34757358 259 
34766665 269 
34769249 10 
34788372 110 
34793154 155 
34622023 293 
34651593 139 
34651841 139 
34652089 242 
34652487 268 
34691782 137 
34692307 4 
35911363 116 
35933044 140 
35981193 70 
35804522 91 
35820053 137 
35820109 140 
35892234 92 
35014447 271 
35083763 350 
35091842 233 
35400235 115 
35420919 271 
35435686 157 
35451130 116 
35468123 296 
35485252 334 
35485866 93 
35489633 10 
35601073 179 
35615082 138 
35636495 91 
35361537 117 
35374441 10 
35214424 90 
35217106 57 
35240364 14 
35252911 325 
35264697 120 
35290370 6 
35293499 92 
35296075 10 
35117182 259 
35141944 3 
35150629 85 
35188049 1 
35191742 92 
35507092 92 
35545296 2 
35577860 5 
35590472 137 
35599375 137 
35717645 139 
35723394 255 
35733797 259 
35783884 139 
36611283 107 
36643344 90 
36645435 13 
36646105 6 
36653750 136 
36680673 137 
36213415 192 
36247729 95 
36280954 325 
36290531 117 
36293413 354 
36420033 92 
36431740 257 
36461267 137 
36485556 139 
36332486 137 
36339655 137 
36384129 92 
36102222 13 
36107062 293 
36107791 239 
36049952 138 
36059565 172 
36064239 258 
36079104 10 
36942953 231 
36956099 68 
36983935 13 
36991807 326 
36999775 60 
36517904 350 
36570834 13 
36737791 139 
36737922 4 
36766061 94 
36834974 195 
37302753 93 
37304211 67 
37305724 209 
37324161 99 
37350748 9 
37372491 138 
37394840 358 
37541448 185 
37586204 23 
37202786 138 
37227307 5 
37234015 173 
37252462 11 
37254808 139 
37257888 249 
37295752 356 
37620209 243 
37641882 140 
37662048 116 
37668902 10 
37673422 139 
37695926 351 
37697019 178 
37432189 92 
37437063 189 
37461653 137 
37471974 10 
37476279 324 
37497907 139 
37826736 67 
37841261 322 
37850579 252 
37858319 116 
37864580 137 
37867523 92 
37870878 8 
37012056 116 
37035843 116 
37050162 137 
37056817 234 
37060899 95 
37069114 326 
37074792 10 
37927222 139 
37944993 243 
37951903 8 
37962074 349 
37967587 352 
37982703 137 
37987523 140 
37119591 92 
37185155 93 
37191457 116 
37709894 54 
37714052 6 
37725261 283 
37733773 91 
37798912 139 
38944298 10 
38826981 14 
38840401 116 
38859282 12 
38887191 53 
38702363 99 
38738202 227 
38657859 67 
38663286 92 
38693582 6 
38421388 284 
38448597 90 
38468380 137 
38479453 284 
38497269 136 
38549778 92 
38558813 272 
38592120 116 
38595504 238 
38219183 140 
38017126 92 
38018403 90 
38041521 260 
38060946 7 
38309406 8 
38329234 261 
38348118 260 
38398786 140 
38131805 324 
38165997 69 
38174552 239 
38178858 6 
38180154 323 
38182109 138 
39907969 134 
39913325 136 
39918906 53 
39951197 233 
39954143 231 
39962680 55 
39964116 46 
39806088 234 
39807908 13 
39815954 324 
39819974 324 
39852796 10 
39854619 92 
39869031 42 
39883043 340 
39893068 173 
39302299 11 
39397791 349 
39700251 139 
39709235 90 
39733348 354 
39789066 327 
39007767 256 
39022960 247 
39045008 126 
39207549 352 
39224828 260 
39229749 354 
39233704 13 
39236198 184 
39247100 14 
39415567 230 
39418190 116 
39443153 118 
39460485 268 
39467402 4 
39487336 137 
39102375 12 
39157312 90 
39162163 138 
39166175 67 
39186777 4 
39194942 172 
39198671 118 
39524478 141 
39607383 118 
39612759 195 
39628814 53 
39642542 139 
39653021 306 
40905238 10 
40946786 10 
40949355 231 
40951983 262 
40952526 265 
40707435 5 
40729583 43 
40747465 22 
40751900 95 
40754727 92 
40758934 12 
40783194 350 
40792624 94 
40799869 232 
40834580 91 
40856383 139 
40878669 334 
40512158 13 
40522947 14 
40537870 118 
40557619 137 
40577973 137 
40592447 90 
40019325 270 
40035331 139 
40039984 324 
40063969 117 
40069893 116 
40616526 117 
40626507 139 
40696815 117 
40412581 235 
40419249 79 
40431342 171 
40450058 137 
40479979 353 
40304198 138 
40321689 266 
40321981 140 
40345267 139 
40345617 268 
40113416 137 
40114135 353 
40144678 270 
40191365 293 
40280759 234 
41207476 139 
41220068 233 
41290536 67 
41295814 20 
41002298 139 
41013682 116 
41018668 6 
41024120 270 
41053160 91 
41062669 257 
41314400 138 
41314966 93 
41315437 139 
41330482 102 
41333092 141 
41334431 137 
41334988 93 
41336292 258 
41343931 137 
41364755 10 
41369712 116 
41390902 91 
41143190 116 
41146297 350 
41170861 192 
41518645 117 
41519105 342 
41530919 234 
41562006 139 
41566719 91 
41567438 222 
41412147 139 
41425427 10 
41449348 10 
41453159 114 
41462202 139 
41486773 139 
41491941 270 
41904007 43 
41920346 67 
41957878 202 
41994452 327 
41998308 322 
41800513 94 
41802678 93 
41841901 92 
41859897 325 
41863589 116 
41618809 4 
41650773 137 
41682562 122 
41702154 241 
41718411 14 
41727692 12 
41782892 4 
41789283 94 
41796519 241 
42406450 267 
42412840 138 
42421463 270 
42424680 260 
42431305 269 
42464184 92 
42468072 220 
42164119 326 
42554177 116 
42557467 355 
42568910 90 
42572988 6 
42579789 117 
42207131 115 
42257123 4 
42268519 235 
42294207 12 
42294416 328 
42003705 10 
42085720 10 
42096400 14 
42307562 0 
42355756 231 
42359669 54 
42938231 231 
42982716 13 
42985420 342 
42700779 137 
42720678 139 
42724402 14 
42776401 268 
42796689 139 
42803883 9 
42836467 95 
42838622 54 
42851085 252 
42860164 24 
42862533 55 
42868261 4 
42608154 93 
42615767 180 
42621263 7 
42626091 52 
42654766 170 
42670285 138 
42689412 139 
43704293 53 
43768614 139 
43775029 137 
43828613 259 
43846215 323 
43854271 137 
43866255 263 
43878407 10 
43896245 327 
43956440 10 
43999838 90 
43510573 259 
43521573 283 
43523730 269 
43524338 139 
43531344 95 
43541987 224 
43001340 170 
43007591 295 
43044936 10 
43058713 198 
43060276 65 
43062778 135 
43065440 117 
43065518 174 
43068023 116 
43125532 13 
43674733 234 
43680089 139 
43687974 181 
43692627 10 
43412582 7 
43416966 10 
43437219 350 
43303473 67 
43338955 139 
43351613 139 
43396527 91 
43224933 231 
43260198 137 
43269188 299 
43270514 12 
43285266 139 
44912327 93 
44961935 114 
44970624 326 
44972551 10 
44020020 253 
44039018 263 
44056159 139 
44069969 234 
44087426 263 
44093234 13 
44221715 353 
44225213 122 
44631995 139 
44703740 5 
44741285 139 
44761479 324 
44775955 64 
44785726 234 
44791164 300 
44797122 108 
44502693 234 
44542117 139 
44584815 117 
44320310 137 
44320794 253 
44335378 7 
44347062 13 
44347911 91 
44410695 90 
44413452 182 
44414914 259 
44422785 10 
44465238 305 
44479740 14 
44499209 104 
44108333 350 
44120312 261 
44137991 323 
44159217 333 
44177815 100 
44800603 141 
44815892 10 
44857775 116 
44886916 13 
44897429 326 
44898404 197 
45905291 120 
45908146 323 
45915136 268 
45917246 241 
45970082 137 
45972023 259 
45710215 6 
45716707 10 
45760812 181 
45769795 140 
45787674 10 
45850418 258 
45868730 206 
45899473 80 
45318136 5 
45319908 143 
45335249 159 
45337818 324 
45374578 66 
45551909 90 
45554858 259 
45570636 23 
45588063 139 
45005242 139 
45046507 3 
45406950 354 
45428976 266 
45444916 118 
45460658 139 
45494172 352 
45102906 269 
45103223 45 
45148365 241 
45191352 115 
45209042 6 
45217730 141 
45229017 139 
45260248 116 
45279817 226 
45623302 117 
45624718 241 
45631133 249 
45646324 10 
45670173 8 
45670806 10 
46903290 272 
46930560 10 
46945263 7 
46948124 325 
46972391 65 
46981453 93 
46993783 138 
46612649 120 
46626165 353 
46632146 253 
46654524 90 
46667966 139 
46683448 234 
46687809 0 
46152562 12 
46167679 195 
46171742 263 
46173926 138 
46185808 264 
46318650 138 
46321818 259 
46419884 10 
46449236 139 
46451364 137 
46469093 137 
46474486 269 
46498756 326 
46504188 13 
46514148 242 
46535986 13 
46551257 232 
46569015 135 
46579338 137 
46583932 13 
46224965 260 
46252307 138 
46253445 140 
46260174 178 
46287865 271 
46015386 274 
46027618 242 
46092226 118 
46810702 326 
46834658 14 
46884574 163 
46889121 139 
46723686 140 
46730425 252 
46741116 116 
46753178 14 
46782961 13 
46788271 235 
47909064 117 
47910826 263 
47936448 12 
47949700 255 
47965152 15 
47976906 234 
47025130 137 
47034125 10 
47035748 326 
47037526 354 
47047418 137 
47326893 139 
47366494 247 
47377338 138 
47379386 139 
47392437 230 
47398333 327 
47237607 136 
47263617 235 
47266408 157 
47434429 14 
47117954 116 
47131600 250 
47138445 230 
47155295 92 
47165167 5 
47511499 322 
47520713 225 
47524403 53 
47545857 234 
47553222 140 
47601698 92 
47604470 10 
47637897 92 
47638999 116 
47650665 3 
47684487 93 
47695577 119 
47702695 49 
47713356 275 
47750895 139 
47804998 270 
47809731 324 
47857395 137 
47880131 175 
48609586 41 
48615781 329 
48668948 209 
48678608 23 
48219649 25 
48219795 117 
48237107 116 
48241724 326 
48249494 138 
48256019 243 
48263082 139 
48710548 52 
48733451 260 
48740801 105 
48741510 270 
48751926 14 
48760978 23 
48771992 6 
48777866 268 
48778036 137 
48785940 338 
48830411 167 
48842526 234 
48868879 324 
48875711 262 
48894773 137 
48427977 139 
48428426 92 
48465771 130 
48467336 7 
48469915 10 
48478596 137 
48482907 135 
48015959 255 
48019239 177 
48021481 116 
48034496 240 
48043019 7 
48116226 139 
48140449 139 
48145989 352 
48156662 236 
48177680 232 
48178529 6 
48309511 138 
48320364 18 
48323159 65 
48329466 5 
48345255 22 
48349942 90 
48355498 119 
48373964 138 
48388794 3 
48396111 222 
48527965 139 
48528344 5 
48554574 116 
48571644 264 
48587463 136 
48919839 116 
48926918 116 
48965731 13 
48991225 325 
49800519 10 
49827528 118 
49870862 57 
49875909 269 
49892252 65 
49899018 256 
49931600 56 
49935972 353 
49971289 91 
49976842 52 
49979699 116 
49015134 65 
49049784 10 
49052491 137 
49063701 234 
49070772 325 
49603752 328 
49643466 235 
49645181 4 
49668530 140 
49677912 137 
49239204 225 
49259379 23 
49285876 47 
49291575 264 
49299866 13 
49110644 261 
49111582 195 
49161507 91 
49163389 265 
49174296 137 
49175064 136 
49190569 60 
49704174 94 
49706029 10 
49714206 117 
49726758 241 
49738616 140 
49746124 172 
49750072 235 
49754907 15 
49756849 22 
49759403 223 
49768434 288 
49512827 180 
49520316 142 
49524637 157 
49570106 13 
49573085 115 
49580782 67 
49589034 266 
49599017 10 
49435236 269 
49451616 137 
49493631 14 
49498260 45 
49349864 264 
49373529 174 
49382611 93 
49398650 54 
50740891 238 
50812468 42 
50866991 241 
50876354 137 
50877921 138 
50631384 227 
50648221 216 
50648564 180 
50660549 207 
50676956 138 
50687429 10 
50689408 5 
50502543 30 
50517457 5 
50518299 264 
50527293 189 
50550540 117 
50104022 327 
50123768 259 
50152494 156 
50159021 7 
50159280 119 
50160475 136 
50169764 77 
50225922 297 
50230460 352 
50304223 324 
50312895 118 
50313829 21 
50314307 268 
50333713 138 
50348355 110 
50356616 10 
50372649 206 
50414170 138 
50442089 10 
50451973 14 
50461028 295 
50474590 92 
50488969 268 
50016769 138 
50068883 241 
50081006 260 
50088988 10 
50098963 223 
50914810 234 
50988817 116 
51902753 67 
51925651 139 
51926903 172 
51936425 324 
51958356 137 
51959848 296 
51981484 265 
51307557 138 
51315788 139 
51335617 10 
51353337 220 
51378713 252 
51517964 10 
51557780 10 
51569665 113 
51595314 260 
51104282 139 
51110246 140 
51113138 260 
51122467 1 
51166574 10 
51179820 139 
51187891 270 
51196784 233 
51208899 6 
51228235 262 
51230308 225 
51234489 13 
51240446 225 
51248469 137 
51253411 4 
51253476 90 
51260951 13 
51261604 93 
51281400 218 
51023253 340 
51043614 41 
51058340 118 
51059509 82 
51066005 10 
51067965 253 
51092452 137 
51096579 119 
51418253 235 
51462255 256 
51474447 1 
51819108 137 
51869020 92 
51886630 10 
51603388 270 
51615906 139 
51768592 139 
51769821 287 
51771315 77 
51774123 93 
52947959 10 
52972400 265 
52979555 90 
52987459 258 
52988482 142 
52993631 141 
52835572 0 
52839077 137 
52849321 118 
52852034 234 
52722930 2 
52738102 23 
52758213 6 
52025334 139 
52089336 339 
52173031 133 
52180775 118 
52600884 22 
52664874 139 
52204373 115 
52224092 240 
52232099 117 
52247710 139 
52265109 324 
52267455 139 
52530413 117 
52568019 256 
52587340 92 
52434361 10 
52449918 139 
52458960 137 
52460930 185 
52499749 138 
52305749 139 
52334230 254 
52360154 116 
52367920 117 
52377472 122 
52385880 329 
53217924 233 
53225977 8 
53271302 137 
53274850 114 
53318900 116 
53319979 137 
53327101 116 
53344806 112 
53349782 262 
53362409 137 
53374137 243 
53376960 100 
53394694 10 
53402163 182 
53411659 262 
53434219 235 
53455875 117 
53475353 10 
53495921 139 
53019741 138 
53172302 92 
53709136 139 
53714557 228 
53778026 350 
53778849 91 
53794830 137 
53903750 93 
53927604 139 
53934635 92 
53951361 328 
53966035 348 
53971338 225 
53994176 226 
53999077 109 
53614885 137 
53640863 139 
53651930 5 
53652371 141 
53676718 242 
53511021 12 
53557638 139 
53574720 117 
53575960 259 
53814695 139 
53887543 3 
54174146 324 
54188054 117 
54191825 4 
54501711 140 
54514657 93 
54535872 138 
54578191 140 
54587467 143 
54593282 134 
54595533 265 
54207316 333 
54210472 10 
54210692 16 
54211493 138 
54260408 12 
54261764 138 
54267580 4 
54293884 222 
54400445 137 
54402142 13 
54413963 120 
54433314 271 
54440596 198 
54015124 352 
54017474 12 
54045914 137 
54049404 92 
54071300 13 
54075270 4 
54081956 242 
54086353 152 
54088007 91 
54300753 138 
54310042 4 
54313007 328 
54322655 172 
54330237 211 
54332682 2 
54333215 50 
54338823 12 
54373549 271 
54394933 15 
54902190 159 
54912413 117 
54927569 102 
54968442 23 
54615237 259 
54633447 253 
54689626 238 
54800229 142 
54815050 139 
54817477 138 
54828669 288 
54854752 140 
54860303 10 
54861059 10 
54885057 94 
54886627 265 
54888584 15 
54734364 271 
54762692 8 
54766195 234 
54792507 137 
54798394 7 
55935931 261 
55939820 220 
55952983 91 
55105104 322 
55108869 222 
55165694 14 
55168121 324 
55198467 179 
55008872 138 
55023935 101 
55058805 259 
55088774 116 
55088980 352 
55741390 277 
55746231 271 
55748892 137 
55755770 137 
55802852 9 
55822559 90 
55828629 10 
55831436 117 
55831547 5 
55839961 116 
55848324 137 
55868485 102 
55892136 112 
55201187 140 
55218392 118 
55219492 49 
55242814 209 
55252783 137 
55252958 91 
55270682 140 
55271675 249 
55282360 227 
55288375 181 
55449322 90 
55497125 116 
55534495 255 
55575123 7 
55596021 268 
55606141 137 
55612252 224 
55620812 354 
55637694 161 
55651641 77 
55664535 235 
55668946 102 
55674807 99 
55307089 324 
55326466 209 
55356729 10 
55372439 137 
56242767 227 
56282870 2 
56292118 119 
56312635 115 
56326425 350 
56380855 231 
56115614 8 
56126101 42 
56133011 206 
56151440 7 
56160208 139 
56190719 90 
56409842 110 
56434261 13 
56440639 137 
56441577 139 
56462217 15 
56468913 353 
56486744 90 
56498003 13 
56514259 4 
56521508 137 
56524150 326 
56528448 5 
56534696 10 
56571850 269 
56576746 120 
56582176 136 
56032072 65 
56038372 136 
56047454 136 
56061537 96 
56081564 115 
56085651 252 
56936835 325 
56809749 11 
56811905 139 
56827114 139 
56863733 234 
56882327 117 
56711738 118 
56739945 138 
56750378 291 
56793633 122 
56644179 241 
56689993 270 
56690428 3 
56696309 139 
57902247 259 
57913219 260 
57921986 251 
57046045 139 
57060178 48 
57067008 137 
57068040 138 
57072417 14 
57220914 21 
57228062 243 
57229379 298 
57702158 10 
57705993 115 
57706822 255 
57718453 13 
57737118 228 
57759200 328 
57774184 228 
57799575 103 
57330371 271 
57337505 137 
57387507 118 
57827089 295 
57859669 91 
57883551 247 
57896437 5 
57409741 262 
57412258 234 
57423115 91 
57487152 135 
57487878 10 
57533457 6 
57533615 138 
57548818 93 
57551799 139 
57106885 116 
57110162 224 
57133296 139 
57159577 137 
57184946 255 
57196643 91 
57624591 140 
57631512 157 
57683129 53 
57684370 140 
58941818 67 
58943532 3 
58948946 180 
58998556 353 
58714508 139 
58719846 324 
58725860 91 
58729014 138 
58755036 138 
58757493 118 
58762760 115 
58775549 137 
58793888 239 
58135345 225 
58136491 293 
58146465 194 
58802049 255 
58840955 103 
58862764 138 
58876910 116 
58878149 293 
58883428 191 
58884805 139 
58890108 106 
58014151 233 
58046272 226 
58065611 92 
58093590 324 
58324962 92 
58334991 137 
58343083 241 
58347388 63 
58353335 350 
58207930 10 
58241685 52 
58262187 139 
58297263 13 
58299962 268 
58445051 172 
58473475 139 
58481976 342 
58491255 140 
58500644 311 
58513399 118 
58524483 8 
58534291 139 
58543988 260 
58580022 311 
58665304 90 
58667006 48 
58677882 137 
58691670 92 
59803077 269 
59808499 101 
59809906 92 
59816577 114 
59833690 339 
59875706 67 
59880492 117 
59896982 139 
59939489 264 
59942168 91 
59950159 279 
59975888 92 
59406028 12 
59467179 116 
59475565 329 
59488527 137 
59000226 115 
59014253 137 
59033715 331 
59067651 123 
59088090 263 
59104907 24 
59109434 16 
59122141 10 
59159323 139 
59193448 10 
59195201 1 
59233505 105 
59236814 262 
59265259 6 
59297306 115 
59530960 270 
59547906 137 
59565478 12 
59566522 139 
59636395 269 
59650645 135 
59667301 117 
59668422 10 
59685478 5 
59693080 48 
59357333 139 
59366247 235 
59374746 267 
59385194 232 
59741621 313 
59744801 50 
59767311 192 
59795834 239 
60616566 259 
60661394 19 
60672884 209 
60202613 116 
60221326 271 
60233422 111 
60248209 113 
60261781 6 
60285327 353 
60291955 12 
60817151 140 
60844593 139 
60859757 118 
60873876 138 
60887520 271 
60938805 138 
60945821 139 
60952000 332 
60959209 137 
60963677 116 
60991862 254 
60704133 92 
60706464 326 
60713750 323 
60714790 261 
60750778 10 
60527667 134 
60563858 172 
60419239 297 
60420044 350 
60433949 139 
60471497 325 
60496742 10 
60110191 48 
60113027 91 
60181005 293 
60183206 329 
60193175 139 
60303745 2 
60311974 139 
60339107 50 
60357598 357 
60358549 10 
60380686 137 
60019646 328 
60042921 137 
61503752 268 
61593593 262 
61700433 15 
61709429 161 
61755626 186 
61756939 67 
61868283 138 
61064534 139 
61065585 137 
61077233 10 
61089477 116 
61188785 354 
61626950 23 
61652382 7 
61656396 92 
61673708 352 
61698123 22 
61305941 137 
61325987 20 
61351464 139 
61360044 10 
61393198 137 
61920323 241 
61923761 139 
61956496 137 
61958604 263 
61996165 137 
61201665 8 
61209473 114 
61270088 53 
61280003 240 
62802044 139 
62816026 22 
62825167 139 
62874960 14 
62601232 268 
62619225 197 
62639260 138 
62656313 257 
62676419 110 
62684262 233 
62685545 117 
62696669 168 
62696960 235 
62963732 268 
62976346 252 
62991337 116 
62708085 242 
62733791 53 
62053850 53 
62065757 118 
62066057 116 
62084362 137 
62093465 312 
62097031 254 
62109744 65 
62129530 10 
62160588 137 
62165990 116 
62175724 203 
62507215 350 
62560287 91 
62415920 152 
62423989 137 
62432297 13 
62439661 4 
62457677 242 
62476783 137 
62480817 10 
62481368 116 
62322699 23 
62361029 232 
62399900 139 
62200531 241 
62230337 5 
62236979 232 
62260198 6 
63929839 226 
63933686 10 
63939351 264 
63982784 0 
63983616 226 
63528227 90 
63539188 137 
63554817 324 
63563140 116 
63572659 23 
63201687 255 
63261849 139 
63264325 223 
63431164 21 
63461861 142 
63156334 178 
63183349 97 
63188959 117 
63197680 12 
63301614 137 
63309056 137 
63318684 139 
63340621 10 
63353052 298 
63359171 265 
63362424 228 
63017751 117 
63021769 139 
63061520 292 
63078937 52 
63732839 140 
63735696 92 
63744136 324 
63748713 118 
63753585 252 
63782773 143 
63783151 117 
63794675 117 
63612140 118 
63652460 10 
63679606 204 
63801346 297 
63811190 142 
63820149 181 
63821915 127 
63843704 117 
63867061 116 
63899760 3 
64225225 92 
64261159 223 
64519733 92 
64536304 23 
64547626 4 
64548992 236 
64549562 117 
64552195 260 
64576689 233 
64585456 204 
64589183 10 
64591490 13 
64806002 268 
64814804 12 
64816382 3 
64864106 90 
64309876 5 
64345368 137 
64372227 58 
64727441 203 
64738223 117 
64759804 139 
64766460 139 
64616267 116 
64624517 138 
64633473 139 
64679301 325 
64038813 138 
64045016 226 
64082819 139 
64421448 5 
64434990 139 
64494302 91 
64104068 16 
64112774 324 
64122773 203 
64129312 116 
64173400 101 
64180385 234 
64196791 260 
64904771 137 
64952939 354 
64969207 182 
64976147 117 
64987882 324 
65902166 28 
65905278 7 
65924940 193 
65953454 95 
65959378 7 
65984856 226 
65827627 116 
65830559 235 
65330665 142 
65373408 7 
65382988 92 
65237651 117 
65240890 165 
65033002 252 
65042550 136 
65052915 91 
65056852 117 
65085768 139 
65094025 23 
65500029 137 
65525292 91 
65526134 12 
65577969 186 
65587560 140 
65436959 92 
65471674 137 
65600241 7 
65104495 65 
65116553 116 
65125803 324 
65180486 117 
65183976 10 
65703833 260 
65720656 116 
65721465 172 
65741253 262 
65747854 324 
65752607 137 
65773646 350 
65786594 115 
66226580 90 
66229889 112 
66240050 326 
66268830 243 
66104533 54 
66153718 90 
66158568 255 
66191154 46 
66039576 48 
66042702 115 
66069116 326 
66072919 8 
66076694 136 
66079593 140 
66083913 342 
66607598 9 
66613462 91 
66641972 138 
66693698 354 
66696084 354 
66910148 138 
66914803 307 
66921359 10 
66978831 138 
66984370 262 
66993515 269 
66800631 136 
66800823 2 
66809779 137 
66836659 137 
66708416 137 
66709922 357 
66721937 10 
66726966 115 
66732247 228 
66771626 172 
66303388 69 
66316220 90 
66317208 234 
66332788 326 
66374360 178 
66521902 9 
66537144 91 
66552273 99 
66553817 94 
66557902 137 
66573515 116 
66598181 139 
66404895 138 
66404908 231 
66411002 116 
66428605 99 
66439251 6 
66441709 173 
66494269 117 
67903853 328 
67912254 241 
67948238 138 
67962207 102 
67982248 137 
67812076 277 
67830648 231 
67832761 53 
67856362 152 
67858675 223 
67872026 186 
67892633 10 
67893568 138 
67738241 322 
67790410 139 
67501378 139 
67526706 10 
67549792 330 
67577108 67 
67578282 138 
67582108 130 
67582364 5 
67583968 241 
67412277 264 
67461636 139 
67472028 6 
67480202 137 
67103315 0 
67144343 229 
67150600 65 
67160498 135 
67177382 10 
67181828 139 
67187052 326 
67203032 314 
67206481 135 
67000850 261 
67015659 102 
67019771 126 
67029407 14 
67037927 258 
67054827 10 
67056173 94 
67079724 326 
67376124 11 
67627010 116 
67639632 191 
67647823 233 
67651308 5 
67690073 326 
68904200 118 
68934029 260 
68938260 90 
68946488 101 
68950323 136 
68551528 232 
68553337 69 
68564085 136 
68403194 12 
68403847 117 
68429902 268 
68436843 238 
68465094 0 
68487377 7 
68300223 139 
68309785 14 
68328561 354 
68331409 12 
68346299 355 
68356936 266 
68206057 91 
68239454 137 
68257046 137 
68293779 66 
68109542 149 
68136226 137 
68141517 268 
68171323 299 
68187283 117 
68059712 352 
68800912 138 
68832961 228 
68834922 323 
68859264 53 
68885441 206 
68885496 226 
68639609 269 
68658611 92 
68688243 109 
68692706 270 
68692963 67 
68776192 117 
68777413 11 
68794900 118 
