26633192 359
1474746 255 
1547555 275 
1574793 137 
1622863 99 
1875325 350 
2026019 252 
1191019 140 
1927350 138 
1929652 13 
2309655 253 
2215697 137 
2274979 5 
833330 138 
924194 139 
926333 152 
999632 137 
546461 10 
1393743 137 
1213695 314 
1258975 253 
1292379 137 
732914 137 
770595 118 
777417 138 
792702 101 
425315 102 
436793 10 
438677 136 
126211 137 
298762 157 
96742 258 
4369157 139 
4031723 99 
4697463 137 
4430315 49 
4440408 7 
4492641 137 
3693515 333 
3873537 137 
3410092 263 
3331145 255 
3393748 351 
2973377 177 
2977589 19 
2483475 113 
3037446 264 
2617210 140 
2654912 137 
2851567 116 
6714413 256 
6721703 10 
7052487 138 
7072985 264 
7074875 252 
6887120 137 
6944164 272 
6633062 164 
6447733 262 
6307639 259 
6362434 265 
6027146 137 
5842910 10 
6148236 139 
6509345 104 
6524374 93 
5654675 141 
5329285 137 
5492940 93 
4863195 137 
5205901 267 
5003697 233 
5031082 14 
4966905 176 
9376901 260 
8997712 93 
8504699 10 
8812801 93 
8817864 49 
8831336 289 
7801838 234 
9150996 275 
8715601 139 
8433246 105 
7678413 7 
8008080 139 
7280281 268 
7508246 138 
7542319 240 
7908128 139 
7967795 233 
7723386 12 
8319849 114 
8351016 137 
8209114 259 
8230611 6 
8233023 172 
8290801 23 
11609240 105 
11203749 263 
11294144 234 
11448990 137 
11472319 152 
10735650 328 
10762399 106 
10790235 137 
11362962 10 
11392710 97 
10417722 324 
10430052 350 
10452804 259 
10485063 255 
11194705 333 
10224230 265 
10243431 18 
10275037 262 
10578442 253 
10056630 11 
10133453 14 
9641051 260 
9704522 26 
13324530 10 
14126552 102 
14153830 4 
14175879 102 
13904593 115 
13904995 273 
13474025 138 
13708144 190 
13768978 273 
13228767 255 
12774012 234 
13037770 137 
12533195 30 
12550842 354 
12253566 139 
16782916 93 
16087288 242 
16348619 116 
16236253 91 
16405750 139 
15923612 142 
15930299 24 
15974928 263 
15303847 3 
15722090 262 
15596334 137 
15279382 138 
15456370 12 
14890044 265 
14583402 263 
18940043 123 
18382275 267 
18819563 138 
18407448 271 
18023839 259 
18026255 139 
18035634 10 
18103021 143 
18541243 3 
18592890 204 
17743229 234 
17800821 137 
17939611 290 
17403389 329 
17615758 139 
17324055 109 
17387271 257 
17021708 235 
16812436 136 
16864295 139 
21591277 234 
21304929 114 
21317304 104 
21352762 139 
21164479 1 
21193652 137 
21062849 92 
21096472 157 
21430360 350 
21463028 13 
21215561 3 
21283841 7 
20493225 259 
20496377 263 
20593772 4 
20322532 159 
20326084 137 
20383758 255 
19630543 228 
19546876 91 
19552477 294 
19495875 91 
19796477 138 
19353955 254 
19261052 114 
23536113 263 
23549838 7 
23573589 140 
23589595 324 
23752001 1 
23770336 107 
23648552 136 
23981598 106 
23806461 138 
23099788 137 
23263062 137 
22501710 260 
22557589 265 
22575643 142 
21825986 10 
21879737 139 
22242114 93 
22176973 232 
22005973 137 
22087184 324 
21938401 4 
26142571 269 
26199054 101 
26368061 7 
26392997 93 
25313242 94 
25319276 181 
26299944 5 
24894552 84 
25020785 13 
25060953 15 
24934717 324 
24643073 90 
26601209 140 
26437228 1 
26467528 139 
