56624795 359
2084789 6 
1437160 60 
1474593 98 
1060259 264 
908707 264 
1163324 139 
882260 138 
728151 93 
755951 263 
1261875 53 
2320371 265 
551083 4 
106929 1 
72034 114 
4712317 350 
4782320 137 
4453693 225 
3584067 102 
3049424 108 
3300349 138 
2538630 241 
2825234 299 
2625202 271 
7022844 92 
7150687 324 
7188300 137 
6904309 69 
6988511 115 
6583610 269 
6595859 257 
6334997 83 
6340230 226 
6388263 138 
6110603 91 
6153640 140 
6033894 137 
6235673 138 
6264832 137 
6279904 91 
6426458 137 
6479073 92 
5927108 264 
5615816 118 
5591861 350 
5403805 49 
5494859 10 
5374319 298 
5197176 293 
9434187 259 
9540075 291 
9132918 140 
9050666 10 
8561872 268 
8572337 13 
8444042 26 
8444728 118 
8743877 324 
8314017 330 
8161023 114 
7827045 204 
7841059 12 
7321314 137 
11740688 93 
11788150 140 
11827387 322 
11696557 138 
11311430 92 
11256146 138 
11143720 348 
10759178 27 
10504269 28 
10285769 23 
14379053 93 
14256640 137 
14289322 90 
14112312 327 
13932569 252 
13760313 102 
13578528 172 
13137934 91 
12958464 99 
12489698 7 
12298638 237 
16529488 137 
16624768 324 
16274076 6 
16105357 114 
16112389 262 
15591594 136 
15348576 137 
15238080 281 
14948780 269 
14616018 41 
14588974 137 
14755133 322 
14784105 91 
14423020 15 
18845086 137 
18777533 9 
18518433 269 
17909292 268 
17916013 259 
17874367 4 
17620787 138 
17623558 139 
17433634 23 
16836136 259 
16886501 136 
21273985 268 
20979502 10 
20898814 107 
20624382 96 
20713326 92 
20213630 140 
20134510 138 
20054325 271 
19320101 137 
19351235 324 
19227140 10 
23453871 103 
23483554 267 
23078909 334 
22909596 92 
22538056 328 
22594052 139 
22291179 22 
22478436 277 
21921627 180 
21874675 10 
26227561 139 
26233267 13 
26348066 183 
26172635 5 
25901781 137 
25305481 137 
25386054 1 
24835368 116 
24720915 83 
24348278 105 
24198481 350 
24017459 138 
28775415 232 
28640419 139 
28223424 258 
28179030 137 
28001226 14 
27801205 6 
27889441 136 
27539022 50 
27466969 358 
27368668 49 
27255693 103 
27296062 137 
27123654 253 
26530647 115 
30864961 137 
31111268 137 
31136540 224 
31184005 260 
30655176 267 
30911948 27 
30774462 326 
30527323 113 
30588784 241 
30590615 138 
30107941 137 
29802131 138 
29257499 233 
28840907 232 
33583828 138 
33369841 117 
33232262 116 
32973167 233 
32709249 68 
32465247 137 
32345144 239 
32243384 234 
32247107 10 
32291246 138 
31773147 139 
31670040 92 
31332065 106 
35949898 329 
35417184 23 
35363225 95 
35738450 137 
35766396 90 
35283749 265 
34829666 268 
35075351 118 
34594131 137 
34635144 24 
33806072 172 
33971467 139 
34113814 8 
34292530 8 
38382063 140 
38172634 92 
37873857 110 
37585832 260 
37166418 323 
37410801 106 
37425847 258 
37488601 67 
37496820 262 
36901971 92 
36973112 322 
36663856 92 
36473934 8 
36560035 139 
36136116 252 
36144279 324 
40572030 90 
40605593 9 
40629462 140 
40688057 137 
40146554 91 
40320094 136 
39894843 118 
39920756 139 
39965861 99 
39682018 23 
39554194 101 
39575012 30 
39205717 110 
39436270 301 
39438804 113 
38401568 6 
38724674 104 
42993782 137 
42689399 91 
42538745 140 
42285280 115 
41857208 266 
41753205 137 
41683938 291 
41536958 52 
41551731 92 
41401454 92 
41385421 268 
41274190 258 
41104685 327 
40854284 139 
45359566 256 
45288899 23 
44960944 10 
44830309 259 
44408974 268 
44411166 137 
44306644 331 
44380059 271 
43401116 140 
47897733 5 
47624618 180 
47705642 83 
47343650 90 
47185264 6 
46719752 96 
46635056 259 
46635302 8 
46553328 181 
46491868 114 
46080029 92 
46191970 137 
45873649 139 
45653382 137 
50238157 189 
49725378 8 
49589260 137 
48904945 6 
49414867 10 
49422697 137 
49078787 23 
48730573 93 
48761793 18 
48590137 10 
48110872 261 
52411357 225 
52306004 21 
52375014 137 
52158494 91 
51818346 137 
51592337 137 
51298298 170 
50404479 137 
55082128 137 
54211316 94 
54284944 277 
54737665 330 
54957203 92 
53896308 263 
54041993 137 
53933260 5 
53373905 49 
52805791 139 
52870383 117 
53257470 139 
56543353 23 
56568394 238 
56221861 10 
56384042 91 
56054023 5 
56057417 137 
55771826 225 
56181857 118 
55663864 264 
55313053 10 
