840287 50 
419591 325 
1981760 186 
1153897 68 
2238798 135 
2003763 71 
2942406 136 
2711014 123 
2747086 185 
3944807 249 
3556968 193 
3324292 64 
3063175 133 
3782975 264 
3175960 184 
4658763 141 
4020456 68 
4589490 24 
4875095 147 
4899351 135 
5026261 142 
5080008 131 
5744256 70 
5629143 277 
5474121 301 
5581184 16 
6691924 133 
6504026 136 
6875229 164 
6876062 254 
6149075 63 
6171602 65 
7759006 195 
8356635 136 
8859109 269 
8694582 251 
8447191 135 
8499763 281 
9376808 249 
9124653 184 
10220720 212 
10105278 203 
10194664 306 
10578698 25 
11451371 349 
11184667 153 
11760699 326 
11552188 301 
12103455 109 
12611038 64 
12672316 304 
13798112 286 
13080523 138 
14712259 139 
14558855 323 
14570251 333 
14403906 71 
15012215 82 
15730861 140 
15831079 134 
15417781 143 
15975170 134 
16905159 10 
16985930 71 
16536424 131 
16429038 131 
17122937 89 
17505788 305 
17025248 90 
17447173 25 
18850545 140 
18561573 66 
18196223 196 
19456306 141 
20930178 137 
20562350 353 
20349119 70 
20395264 314 
20166737 240 
20228540 71 
21841650 137 
21083862 72 
22879885 64 
22031115 250 
22144651 136 
22517744 347 
22540697 198 
22591527 183 
23811947 5 
23684786 188 
23361634 112 
24117612 147 
25571023 136 
26857849 131 
26584301 184 
26165356 236 
27862537 9 
27483723 74 
27194607 19 
27201714 357 
28992761 75 
28122119 66 
28563478 64 
28569740 78 
28022380 135 
28392756 81 
29836568 174 
30893153 252 
30017494 76 
30358424 165 
30374946 68 
31512564 350 
31032003 8 
31227301 164 
31228425 136 
31288944 347 
32999892 70 
32152744 132 
32039397 70 
33987130 137 
33809403 254 
33846697 286 
33316493 174 
33369793 252 
34402692 251 
34497644 286 
35580112 288 
35347821 137 
35661650 70 
35080667 327 
36799484 193 
36550463 150 
36668487 70 
37719880 196 
37697585 252 
37294697 173 
37146552 296 
37508882 252 
37534206 69 
39766960 138 
39906655 136 
39167160 301 
39075336 130 
40162829 307 
41453187 156 
41692537 249 
42801409 142 
43700823 247 
43768874 72 
43788565 67 
43136325 353 
43092607 135 
44734866 71 
44640695 140 
44070180 196 
45756576 345 
45045362 11 
47069716 301 
48407552 279 
48635847 78 
49958734 343 
49527335 302 
49889997 141 
50801924 63 
50337611 11 
50658816 164 
50563274 276 
51544858 135 
51067928 242 
51119279 241 
52704547 202 
52977859 80 
52561204 268 
52398536 305 
52410782 246 
52008763 132 
52022496 26 
53880253 158 
53746394 64 
53429921 220 
53430641 150 
54089082 80 
55139493 80 
55183662 138 
56845315 240 
56497227 247 
56089097 132 
57933481 198 
57982172 249 
57867278 135 
57385907 133 
57248243 127 
58815518 136 
58772599 123 
58292457 261 
60133029 162 
60164487 22 
61603778 130 
61878024 70 
61897982 255 
61575050 236 
62427218 70 
62015201 70 
62050903 255 
63790128 252 
64117976 341 
64246698 185 
64078412 69 
65567406 171 
65616262 8 
65245315 140 
65278158 317 
65082410 311 
67253403 70 
67553375 136 
67018016 139 
68340578 147 
68621491 139 
