2003070 303 
1901035 162 
1349460 8 
1612025 285 
404929 3 
447959 281 
320460 299 
38893 99 
1088491 136 
721075 242 
794351 138 
606326 302 
4720797 345 
4721522 284 
4728737 286 
4734538 139 
4681560 141 
4279349 143 
4012350 138 
3795467 240 
3603738 22 
3665139 83 
3872732 5 
6301541 313 
6025347 239 
5467496 255 
7674612 302 
11683112 65 
10577323 8 
11047234 23 
10479210 160 
10123956 64 
9940944 225 
14274350 77 
13580053 150 
13384681 135 
12468587 299 
12499459 286 
12221552 75 
16645810 226 
16479775 139 
16376239 70 
16047805 200 
15564030 196 
15058708 142 
14455498 69 
18695931 348 
18284572 132 
18165808 192 
18066090 169 
17806392 238 
17725274 71 
17479619 155 
16916004 64 
21195049 353 
20173785 279 
20394427 92 
19923129 314 
20080659 84 
20086299 354 
23879330 10 
23642109 92 
23777460 301 
23325490 11 
22912173 117 
22955626 111 
21879139 70 
25551036 253 
25552059 90 
24836722 142 
24673754 72 
24033138 274 
24171927 33 
28086353 80 
28184358 80 
28394655 299 
27665179 352 
27667901 346 
27272208 297 
26844981 174 
26602908 354 
26539040 83 
30982495 63 
30638924 136 
30820650 303 
30455641 285 
30335656 355 
30189702 300 
29359516 143 
29036695 12 
29075657 165 
29247225 72 
33303431 140 
33407553 81 
33070505 328 
33156128 325 
32800508 348 
32502843 300 
32098403 140 
31435533 164 
35584343 252 
35383243 36 
34608802 259 
34342447 140 
34126046 83 
34129318 116 
33884614 263 
34028314 52 
33757012 142 
37670216 141 
37474595 297 
37121910 208 
36449773 145 
40601112 79 
40355423 184 
39946924 83 
39868237 92 
39482276 10 
39634488 92 
39092616 239 
38479915 212 
43034822 326 
42388088 114 
42681391 228 
42161979 136 
41542158 242 
41586867 138 
41208016 150 
41196151 150 
45444134 118 
44254112 331 
44132928 138 
43260481 192 
47825007 186 
47101103 302 
46966467 282 
46834950 238 
45722013 300 
45797020 82 
50060028 340 
49714267 147 
49602467 155 
49605709 291 
49206782 295 
49278253 140 
49021953 80 
48986246 107 
48740444 300 
48328469 182 
48359445 70 
48452332 148 
48213809 255 
48274698 150 
52585509 240 
51966492 263 
50785477 258 
50444228 303 
54268362 164 
54074651 184 
53641862 92 
53645097 148 
53172377 141 
53358755 137 
53369346 94 
52803780 249 
52838246 64 
56596132 141 
56458942 327 
56169368 297 
55990522 258 
55570285 83 
55454220 329 
