877976 240 
406804 243 
1366447 131 
2957324 137 
2316003 74 
3206820 137 
3133228 274 
4931749 354 
4777000 241 
5984122 146 
5012207 11 
7899406 9 
7972014 134 
8752219 161 
8613075 68 
9829959 237 
9518952 10 
9061449 162 
10460054 163 
10024973 22 
10275153 139 
11371485 195 
11154318 71 
12624986 24 
12638731 72 
12683913 72 
13774339 323 
13454232 74 
14906701 72 
15791051 129 
15950436 133 
16863732 137 
16869621 245 
17262732 63 
18680017 249 
18762420 194 
18502773 300 
18145727 188 
19508252 70 
19442145 329 
19233055 67 
19033699 242 
20617146 64 
20658540 262 
20476546 138 
20194159 144 
20212401 258 
22880566 133 
23397458 135 
24781018 197 
24419377 64 
24126810 74 
25991223 68 
25070944 133 
26219073 67 
26564908 265 
27258376 150 
27143879 138 
27000427 68 
30025997 63 
31974121 130 
31361825 129 
32021440 9 
32137231 329 
33076727 67 
34439866 329 
34475765 68 
34938718 65 
35448603 305 
35998106 238 
36823826 188 
36875587 248 
36679530 252 
36415142 88 
36216362 136 
37565455 72 
37715931 240 
38430615 70 
38253341 136 
