944257 77 
957905 62 
968326 74 
980026 353 
996823 139 
9285 279 
30262 70 
91893 139 
98487 238 
806987 321 
811314 71 
840287 50 
867623 64 
537314 85 
581143 268 
588669 243 
404718 45 
405920 239 
419591 325 
448068 70 
109017 355 
131585 137 
140194 147 
166224 144 
705339 27 
755393 133 
324210 10 
340220 70 
346355 89 
357398 139 
385660 89 
622197 27 
653938 345 
217191 104 
218898 323 
271576 137 
278056 102 
1104374 70 
1119438 302 
1138923 24 
1153897 68 
1159604 253 
1172162 250 
1180642 138 
1186996 134 
1197935 287 
1304840 277 
1312579 138 
1349200 132 
1353059 123 
1370019 143 
1504352 136 
1522272 141 
1538688 23 
1565874 300 
1569440 80 
1575890 128 
1582192 200 
1705853 203 
1730712 352 
1049999 78 
1094338 253 
1404528 282 
1459608 96 
1476760 3 
1489912 70 
1905016 127 
1973198 241 
1979587 141 
1981760 186 
1809528 20 
1822720 132 
1886301 4 
2308312 147 
2315014 70 
2328311 74 
2330961 282 
2349463 141 
2363194 133 
2374818 22 
2386928 345 
2003763 71 
2052152 108 
2405510 350 
2412904 143 
2435335 147 
2444326 348 
2447886 64 
2474508 108 
2485331 132 
2104093 245 
2137548 308 
2140567 340 
2144435 259 
2149567 132 
2199749 337 
2606428 187 
2658462 332 
2672233 184 
2916208 130 
2942406 136 
2972406 148 
2983646 252 
2983720 195 
2709592 89 
2711014 123 
2747086 185 
2799256 148 
2887906 81 
2891204 197 
2507207 71 
2510752 21 
2514540 8 
2515770 321 
2554689 210 
2575368 193 
2208695 80 
2223065 67 
2238798 135 
2239830 136 
2279738 242 
2292460 19 
3659470 71 
3675582 147 
3695226 104 
3807830 216 
3855267 321 
3504505 304 
3516989 71 
3537725 302 
3554673 90 
3556968 193 
3236477 161 
3004071 252 
3050933 285 
3063175 133 
3077007 27 
3079491 140 
3928952 24 
3944807 249 
3958466 10 
3974588 132 
3989732 129 
3324292 64 
3369626 131 
3375894 136 
3102411 242 
3116441 231 
3119786 70 
3133501 11 
3155428 256 
3156223 132 
3175960 184 
3721883 92 
3737541 191 
3765742 239 
3780402 137 
3782975 264 
3793297 29 
3406313 71 
3417240 254 
3439794 130 
3448012 71 
3487112 131 
3489334 343 
3498048 263 
4102383 136 
4103854 89 
4131266 131 
4135268 239 
4156797 196 
4159731 149 
4189224 136 
4191201 70 
4300805 4 
4309372 241 
4336923 173 
4372694 354 
4388087 199 
4537864 25 
4566500 138 
4589490 24 
4416203 344 
4460268 64 
4462784 23 
4016030 136 
4020456 68 
4030418 300 
4042943 24 
4044100 79 
4944418 66 
4658763 141 
4663024 348 
4672285 193 
4680124 197 
4814435 10 
4821488 70 
4875095 147 
4878033 246 
4899351 135 
4708736 163 
4725865 147 
4779167 130 
4230289 116 
4232491 72 
4258798 217 
4263953 136 
4281540 6 
5629143 277 
5640344 67 
5660794 72 
5671798 144 
5861540 302 
5893890 240 
5896701 21 
5288502 130 
5001919 70 
5026261 142 
5080008 131 
5085712 339 
5557372 81 
5581184 16 
5404418 135 
5449636 185 
5474121 301 
5483028 125 
5314691 257 
5352840 299 
5389200 133 
5390511 147 
5904185 27 
5906568 325 
5107337 131 
5180856 340 
5701661 83 
5744256 70 
5757515 252 
6019398 7 
6024165 162 
6028677 72 
6052681 198 
6101025 139 
6105790 130 
6149075 63 
6159632 291 
6171602 65 
6197327 70 
6504026 136 
6512316 138 
6517560 9 
6518628 140 
6570729 244 
6575211 141 
6647974 108 
6672348 320 
6691924 133 
6283375 133 
6297184 275 
6759578 128 
6763171 71 
6769213 199 
6848895 133 
6856255 79 
6875229 164 
6876062 254 
6896539 199 
6901481 162 
6907708 106 
6923545 131 
6421826 254 
6424221 81 
6427384 130 
6485684 196 
6496891 196 
6338258 131 
6342161 70 
6373755 200 
6374330 263 
6377468 70 
7406250 115 
7410491 229 
7417477 305 
7441856 250 
7445116 70 
7454307 139 
7466488 107 
7478502 136 
7316383 135 
7362248 117 
7367549 67 
7387924 315 
7396480 23 
7022163 64 
7035576 69 
7067148 72 
7095057 196 
7121959 137 
7139846 249 
7153484 130 
7198162 82 
7214133 67 
7812255 316 
7878564 202 
7882762 67 
7702490 67 
7728618 115 
7759006 195 
7763669 145 
7791598 70 
7647627 9 
7668956 298 
7946488 141 
7962176 132 
7506506 284 
8856830 323 
8857317 19 
8859109 269 
8867375 198 
8867730 10 
8868265 323 
8716575 118 
8729657 66 
8793203 63 
8694582 251 
8311774 131 
8352870 137 
8356635 136 
8378071 25 
8426909 74 
8447191 135 
8466027 140 
8499763 281 
8022184 126 
8043927 348 
8219855 70 
8119390 81 
8122888 130 
8143076 355 
8149085 9 
8152791 256 
8170384 327 
8531570 67 
8553492 132 
9614704 289 
9623175 131 
9685680 137 
9690839 63 
9702218 285 
9759799 137 
9782681 68 
9445079 73 
9220829 24 
9224769 240 
9275373 137 
9103331 194 
9124653 184 
9151556 315 
9157415 78 
9168267 138 
9175785 135 
9343290 75 
9349135 134 
9366967 101 
9374373 144 
9376808 249 
9381599 129 
9387916 132 
9511040 20 
9588019 71 
9598625 137 
9952830 239 
9043739 20 
9056360 351 
9073866 303 
9080284 194 
9805989 40 
9836631 66 
9872464 135 
9880536 246 
10927062 131 
10929976 154 
10935993 70 
10938037 137 
10949584 136 
10953291 131 
10985847 258 
10713946 150 
10727705 66 
10754882 138 
10755381 70 
10771255 70 
10772131 138 
10772654 75 
10010157 80 
10033078 193 
10064518 252 
10084142 20 
10435105 82 
10493710 153 
10105278 203 
10113505 131 
10138716 285 
10158621 90 
10159255 13 
10176504 196 
10193652 182 
10194664 306 
10196406 238 
10502827 71 
10570932 138 
10578698 25 
10580402 120 
10642342 10 
10673335 76 
10674303 266 
10209015 323 
10212409 126 
10220720 212 
10227059 21 
10230876 76 
10231232 70 
10278228 73 
10333351 196 
10352679 70 
10357251 249 
10384639 200 
10814748 133 
11714349 137 
11715732 225 
11717379 64 
11726184 104 
11727257 333 
11728087 72 
11760699 326 
11773773 67 
11843960 345 
11861321 246 
11519443 8 
11552188 301 
11573513 196 
11648470 22 
11659543 243 
11668968 136 
11688924 80 
11305613 252 
11331803 198 
11210944 21 
11227035 71 
11239260 112 
11251815 71 
11009286 195 
11064566 249 
11079040 307 
11150277 115 
11184667 153 
11193587 64 
11913489 63 
11915339 70 
11917382 69 
11964855 264 
11969332 294 
11428702 23 
11442933 196 
11451371 349 
12011364 186 
12024292 134 
12034778 253 
12067702 254 
12074543 191 
12103455 109 
12148829 324 
12182321 26 
12731941 152 
12735116 145 
12767026 139 
12606495 272 
12611038 64 
12638403 64 
12672316 304 
12676205 347 
12502274 222 
12539450 95 
12574391 24 
12203363 338 
12207474 276 
12237854 247 
12265738 300 
12276356 150 
12316741 296 
12323945 24 
12355164 27 
12393258 130 
12425624 139 
12440609 196 
12485802 131 
12490703 241 
12986466 71 
12991865 99 
12803616 138 
12822255 297 
12899888 337 
13213318 196 
13224544 300 
13235439 7 
13246586 137 
13252305 277 
13264510 262 
13565300 228 
13584777 139 
13335046 196 
13355751 133 
13383872 184 
13169906 25 
13615289 331 
13636625 71 
13671073 195 
13672890 314 
13034930 200 
13080523 138 
13922342 143 
13960851 130 
13990874 5 
13731558 137 
13749836 150 
13760295 245 
13794675 200 
13798112 286 
14305396 258 
14323191 241 
14329250 281 
14354453 227 
14106461 72 
14123247 323 
14129499 65 
14403906 71 
14407917 66 
14419704 139 
14419942 135 
14423764 181 
14425657 313 
14448008 66 
14487654 255 
14493214 66 
14505675 183 
14558855 323 
14570251 333 
14805222 135 
14846423 330 
14878350 130 
14890550 323 
14712259 139 
14716315 60 
14792747 331 
14638960 133 
14662168 11 
14677931 5 
14691887 245 
14013544 299 
14034079 306 
14070689 104 
14208083 132 
14222631 2 
14902423 71 
14905163 224 
14905313 9 
14929162 20 
14942583 160 
14965658 290 
15831079 134 
15380346 138 
15382488 5 
15389869 20 
15508705 71 
15551758 79 
15553339 207 
15117198 301 
15162747 279 
15618034 131 
15648594 79 
15670528 159 
15680458 25 
15692005 80 
15417781 143 
15444258 348 
15455683 237 
15000739 133 
15012215 82 
15012803 71 
15014585 303 
15019435 303 
15037404 265 
15705267 195 
15719233 299 
15728567 276 
15730861 140 
15761007 348 
15764556 195 
15788039 35 
15904626 200 
15909366 167 
15923966 300 
15965916 355 
15970516 141 
15975170 134 
15975688 64 
16905159 10 
16910640 132 
16920572 296 
16934769 90 
16985930 71 
16988962 80 
16816726 325 
16861742 134 
16320836 70 
16323468 358 
16329168 128 
16334538 70 
16356748 20 
16367407 64 
16536424 131 
16540154 197 
16575484 78 
16062798 78 
16089587 198 
16094889 24 
16418201 101 
16421268 127 
16423108 29 
16429038 131 
16461153 353 
16465936 64 
16124874 21 
16149969 159 
16156953 136 
16158591 127 
16174559 258 
16201950 161 
16207296 64 
16236344 346 
16288324 196 
16297139 133 
16633653 9 
16675733 142 
16679631 259 
16769290 269 
16776261 77 
16791424 147 
17802282 10 
17814187 135 
17818173 201 
17858069 205 
17860739 304 
17867660 307 
17931151 239 
17973715 139 
17708175 10 
17736835 63 
17767963 133 
17785731 262 
17785851 140 
17791448 289 
17505788 305 
17570037 70 
17570483 237 
17585494 80 
17638486 138 
17673242 341 
17689451 128 
17311989 259 
17326842 305 
17331864 137 
17343000 66 
17350648 5 
17396059 185 
17257710 134 
17278053 134 
17289124 137 
17447173 25 
17484053 130 
17117098 66 
17122937 89 
17025248 90 
17044365 133 
17063895 133 
17075464 354 
18804240 248 
18819896 128 
18832426 71 
18850545 140 
18893015 132 
18756534 334 
18784057 161 
18113279 79 
18139053 311 
18154434 280 
18174529 19 
18177557 198 
18177974 315 
18188223 354 
18192881 69 
18196223 196 
18505082 2 
18514275 67 
18561573 66 
18568684 245 
18572413 225 
18300648 44 
18330900 115 
18343598 252 
18389660 315 
18210317 33 
18226714 276 
18265825 63 
18280590 63 
18297745 70 
18622545 68 
18633379 130 
18635044 262 
18679154 137 
18686995 152 
18492338 244 
18027098 71 
18052398 22 
18077570 188 
18940607 87 
18981110 81 
19806786 230 
19817069 25 
19840827 70 
19842198 72 
19854135 146 
19860037 251 
19936748 104 
19703613 184 
19777537 2 
19606148 312 
19606182 132 
19616240 137 
19627917 136 
19630630 134 
19630738 249 
19652358 124 
19384031 20 
19509358 254 
19596790 135 
19232077 9 
19233543 136 
19243845 346 
19266589 313 
19401697 194 
19431295 24 
19443761 132 
19456306 141 
19499030 66 
19146536 126 
19176619 136 
19188233 79 
19013466 197 
19014188 129 
19044349 300 
19066950 145 
19070389 131 
19086458 137 
19098815 358 
20730810 68 
20753066 140 
20753745 353 
20822671 136 
20852384 67 
20899972 306 
20496494 132 
20513734 81 
20542447 300 
20547300 82 
20562350 353 
20572907 24 
20912575 309 
20930178 137 
20950181 89 
20959387 134 
20990886 215 
20212649 95 
20228540 71 
20266099 137 
20266965 101 
20276767 243 
20289942 82 
20618003 347 
20643341 136 
20692010 21 
20118177 310 
20131332 140 
20166737 240 
20183661 70 
20003918 127 
20024428 356 
20034563 208 
20085636 304 
20097783 135 
20333236 109 
20335549 19 
20349119 70 
20393666 25 
20395264 314 
21915500 137 
21920843 66 
21975289 135 
21981863 147 
21992539 249 
21606953 130 
21624433 199 
21624506 285 
21654235 203 
21805378 139 
21821278 134 
21827386 137 
21841650 137 
21847162 31 
21873321 70 
21885324 139 
21886032 19 
21034862 139 
21083862 72 
21094033 139 
21502287 71 
21510316 333 
21530061 160 
21533904 340 
21545474 137 
21550979 105 
21574020 261 
21708520 124 
21724159 27 
21755573 220 
21756241 149 
21760979 183 
21768026 72 
21202632 256 
21207260 314 
21241584 10 
21249279 162 
21271087 128 
21185883 239 
21196655 269 
21306887 239 
21334299 160 
21339278 203 
21339603 80 
21371485 70 
21373867 136 
21395719 343 
21496212 301 
22706465 195 
22785178 194 
22905269 7 
22956265 124 
22995789 79 
22417746 258 
22469206 165 
22472891 145 
22475507 140 
22817892 199 
22825462 134 
22831762 136 
22879885 64 
22889982 133 
22365958 196 
22012610 195 
22031115 250 
22041235 51 
22042662 254 
22057963 29 
22069278 178 
22085965 130 
22089239 11 
22097194 30 
22109430 20 
22125297 136 
22144651 136 
22176830 79 
22188023 132 
22517744 347 
22540697 198 
22544063 137 
22562380 347 
22591527 183 
22282838 89 
22295144 138 
22636379 198 
22646124 147 
22676424 136 
22694228 138 
23969969 90 
23507985 68 
23535619 138 
23299698 305 
23036010 141 
23059210 7 
23069274 65 
23315259 70 
23342251 135 
23348077 32 
23350683 241 
23358314 196 
23361634 112 
23393220 81 
23604875 143 
23653148 139 
23659899 135 
23684786 188 
23811947 5 
23816155 156 
23842550 133 
23848219 252 
23858018 66 
23883061 288 
23100650 251 
23144077 141 
23159624 136 
23179344 285 
23710318 123 
23729311 150 
23756095 105 
23796102 80 
24948118 236 
24977151 70 
24995180 241 
24324815 248 
24340571 252 
24383336 346 
24386169 74 
24508081 70 
24510141 8 
24563887 8 
24569952 315 
24578753 283 
24599913 254 
24407638 70 
24433855 134 
24436168 313 
24443467 257 
24873009 71 
24760101 127 
24108256 137 
24114094 291 
24117612 147 
24132244 353 
24146463 92 
24163966 246 
24202297 82 
24626889 145 
24629998 24 
24689706 20 
24696341 130 
25628869 186 
25631452 81 
25513078 197 
25525742 65 
25547202 65 
25561639 136 
25571023 136 
25592151 247 
25595476 305 
25807606 249 
25859837 199 
25866730 75 
25877163 14 
25883291 308 
25897200 70 
25897540 194 
25704348 70 
25727794 74 
25312668 286 
25329092 70 
25346085 114 
25369208 72 
25370408 192 
25384549 72 
25202316 132 
25241642 68 
25248441 257 
25288380 136 
25289988 140 
25100490 275 
25120907 139 
25123991 132 
25144712 20 
25416827 256 
25425359 5 
25435738 288 
25047033 71 
25079019 135 
25083493 200 
25963315 333 
25980680 131 
25993638 143 
26202301 323 
26206133 11 
26211451 106 
26272580 282 
26298530 134 
26708862 76 
26716128 348 
26731278 143 
26788842 230 
26113979 70 
26132024 131 
26138466 136 
26159157 138 
26165356 236 
26609478 70 
26610412 255 
26665223 138 
26816134 74 
26824213 66 
26857355 186 
26857849 131 
26864981 135 
26528239 27 
26567180 296 
26580643 25 
26580854 235 
26584301 184 
26598566 135 
26928212 131 
26935296 135 
26947939 280 
26951694 10 
26973591 6 
26990752 126 
26991684 134 
26992616 19 
26002389 300 
26007348 135 
26024492 20 
26031924 286 
26068895 64 
26073669 326 
26096458 138 
27916020 300 
27924564 32 
27803174 134 
27806695 31 
27815084 160 
27837718 1 
27851768 127 
27857803 19 
27862537 9 
27873976 251 
27888513 335 
27723538 281 
27744575 82 
27787886 95 
27628567 23 
27645290 17 
27676014 199 
27687567 285 
27010897 317 
27011588 19 
27043742 10 
27067973 64 
27096986 219 
27320961 198 
27356136 80 
27586454 5 
27427409 328 
27483723 74 
27495417 137 
27189415 83 
27194607 19 
27198944 258 
27201714 357 
27233925 198 
27248366 183 
27264328 104 
27277497 147 
27289932 77 
27292656 200 
28938170 132 
28990342 70 
28992761 75 
28735459 244 
28745978 81 
28759756 63 
28000371 145 
28008159 327 
28010135 268 
28016787 142 
28022380 135 
28035700 26 
28039250 258 
28091156 258 
28096491 24 
28105998 285 
28113539 350 
28114231 264 
28122119 66 
28188215 197 
28193299 141 
28519957 10 
28563478 64 
28568466 70 
28569740 78 
28591231 136 
28431307 239 
28493259 130 
28315544 347 
28342835 260 
28357292 130 
28392756 81 
28205576 295 
28211604 26 
28219893 253 
28230363 15 
28253111 330 
28285880 199 
28294016 65 
28639428 132 
28678963 345 
28836341 299 
28884297 183 
28895329 148 
29924665 20 
29836568 174 
29850160 156 
29855216 140 
29866677 7 
29873154 130 
29891205 123 
29715915 286 
29502300 71 
29520427 140 
29580083 70 
29259050 310 
29268600 70 
29274341 135 
29277325 242 
29316298 326 
29358396 71 
29388044 346 
29396499 134 
29104115 138 
29110135 14 
29130351 342 
29156192 70 
29428366 136 
29467584 249 
29668992 70 
29669771 303 
29673332 67 
29681788 70 
30300910 70 
30315267 65 
30318311 306 
30339547 81 
30358424 165 
30374946 68 
30399416 64 
30233772 76 
30245950 139 
30009707 141 
30017494 76 
30038244 65 
30039584 254 
30043043 140 
30075235 316 
30098120 249 
30635697 70 
30699456 130 
30508244 294 
30516881 136 
30546209 63 
30104054 145 
30143046 155 
30156415 286 
30449047 130 
30457639 71 
30461849 241 
30471993 70 
30850818 353 
30875364 64 
30893153 252 
30731447 71 
30944512 188 
31942059 19 
31965255 132 
31967239 65 
31968682 2 
31806649 292 
31897891 206 
31719383 137 
31766949 336 
31796406 304 
31699190 130 
31512564 350 
31516825 167 
31533591 280 
31538728 82 
31541430 254 
31594940 139 
31304747 134 
31322122 139 
31335073 65 
31339546 140 
31349279 254 
31382948 152 
31394215 140 
31148359 9 
31151908 20 
31188883 147 
31218479 235 
31227301 164 
31228425 136 
31244670 74 
31259158 140 
31265650 102 
31288944 347 
31029742 135 
31032003 8 
31051025 137 
31403173 68 
31476029 75 
31494240 310 
32901310 195 
32962073 330 
32999892 70 
32301708 195 
32308031 307 
32319488 202 
32328956 152 
32337254 22 
32357642 63 
32387303 254 
32455182 137 
32464437 138 
32510264 198 
32523331 10 
32528699 33 
32530429 70 
32532303 7 
32577878 66 
32579781 84 
32588595 256 
32593086 137 
32005556 71 
32006029 144 
32019676 249 
32039397 70 
32039593 65 
32051079 163 
32060116 136 
32095718 10 
32097761 290 
32253105 72 
32113955 352 
32152744 132 
32183265 140 
32619954 70 
32636947 39 
32695789 70 
32801130 134 
32828741 76 
32867431 46 
32706463 235 
32730560 66 
32751614 201 
32757314 138 
33219219 89 
33220938 89 
33288340 24 
33507975 143 
33532031 70 
33582810 238 
33902587 132 
33924858 22 
33987130 137 
33734944 68 
33754662 137 
33765436 14 
33765908 70 
33769645 137 
33773449 299 
33799761 279 
33612640 147 
33620862 315 
33650177 147 
33657464 9 
33664836 86 
33684908 137 
33301832 199 
33316493 174 
33318697 82 
33320726 128 
33354306 135 
33360166 135 
33367735 24 
33369793 252 
33378286 66 
33387776 152 
33803180 296 
33809403 254 
33846697 286 
33875276 78 
33096233 64 
33098817 102 
33100809 147 
33118888 255 
33177318 94 
33180222 9 
33197528 9 
33199383 26 
34936484 75 
34994634 307 
34714071 70 
34736845 63 
34795679 70 
34816808 205 
34852768 139 
34872438 139 
34885203 344 
34899832 10 
34336053 78 
34338003 345 
34359603 198 
34359827 195 
34395431 95 
34637399 92 
34665039 136 
34114328 70 
34126037 77 
34128088 71 
34134076 3 
34147085 220 
34171167 65 
34402692 251 
34411958 65 
34448149 267 
34467289 135 
34497644 286 
34212872 193 
34234665 156 
34250010 130 
34278189 235 
34030363 64 
34070226 134 
34083106 255 
34088019 341 
35805652 135 
35853089 67 
35893488 141 
35930547 137 
35930854 70 
35936903 234 
35950036 6 
35970567 138 
35709022 150 
35773272 135 
35784059 344 
35600448 323 
35621654 130 
35648121 20 
35661650 70 
35145649 94 
35148691 354 
35180881 68 
35193485 164 
35012947 256 
35027109 137 
35040528 13 
35040638 274 
35060504 235 
35063251 138 
35080667 327 
35094585 239 
35207161 276 
35219044 68 
35283929 73 
35415120 90 
35451463 15 
35337639 300 
35347821 137 
35348863 240 
35508179 65 
35528222 240 
35580112 288 
36840482 80 
36847647 109 
36862593 183 
36910171 199 
36918609 67 
36930928 302 
36950769 79 
36954457 321 
36990371 249 
36992501 252 
36504932 301 
36550463 150 
36554378 197 
36568606 280 
36236179 68 
36242456 130 
36256922 139 
36605501 142 
36625497 22 
36635145 315 
36668487 70 
36348470 66 
36349057 135 
36363584 31 
36378670 259 
36463421 246 
36465581 276 
36489253 300 
36138702 240 
36163720 326 
36000716 68 
36019381 230 
36705305 277 
36710938 67 
36713491 72 
36725338 274 
36742778 347 
36799484 193 
37508433 64 
37508882 252 
37524357 64 
37534206 69 
37534779 70 
37436408 149 
37450761 195 
37454260 7 
37464770 126 
37038713 138 
37045699 271 
37102341 352 
37137150 135 
37146552 296 
37166850 136 
37179892 132 
37324601 182 
37366000 131 
37263480 130 
37276277 78 
37294697 173 
37719880 196 
37722511 74 
37758225 216 
37782145 173 
37795146 79 
37839919 145 
37844320 151 
37850752 312 
37850921 133 
37612592 271 
37637517 352 
37638135 297 
37686289 129 
37697585 252 
37965450 27 
38911462 198 
38914034 351 
38917187 261 
38925343 300 
38996571 200 
38805944 70 
38813442 258 
38826913 205 
38833249 31 
38614511 304 
38622800 26 
38629527 336 
38636484 141 
38660988 133 
38671965 72 
38501716 66 
38506836 92 
38540775 95 
38560885 244 
38583880 26 
38201307 321 
38212821 147 
38213247 62 
38217320 111 
38224086 286 
38253718 143 
38702660 141 
38711375 77 
38720702 64 
38731467 67 
38743639 282 
38756646 138 
38793118 130 
38007556 102 
38024907 325 
38091003 129 
38092402 22 
38096957 90 
38158381 130 
38162919 137 
38174630 136 
38178307 135 
38322872 202 
38323938 187 
38376083 132 
38412548 299 
38415541 10 
38436218 200 
38437573 139 
38486121 255 
38488860 137 
38493789 135 
39906655 136 
39999619 63 
39558785 358 
39564076 111 
39052432 79 
39054713 70 
39072343 70 
39075336 130 
39207408 64 
39239404 27 
39283537 131 
39414488 9 
39421617 301 
39496030 353 
39316498 136 
39352585 301 
39391239 134 
39606702 255 
39617437 142 
39639749 101 
39644889 316 
39677522 131 
39127337 66 
39148580 136 
39167160 301 
39197928 139 
39754960 138 
39766960 138 
39785157 2 
39794921 90 
39796312 148 
39847755 10 
39860005 71 
39860504 302 
39874045 327 
39887026 296 
40339299 199 
40348382 251 
40351710 350 
40358669 144 
40206073 136 
40226169 128 
40261930 74 
40910777 302 
40948794 282 
40965529 70 
40982118 312 
40801818 248 
40803054 245 
40819712 200 
40820616 67 
40828201 279 
40877740 130 
40500489 357 
40505202 135 
40505808 136 
40510239 132 
40559657 104 
40574371 130 
40598664 323 
40119501 252 
40140589 244 
40162829 307 
40176238 138 
40192826 34 
40780014 285 
40780164 64 
40797792 10 
40604424 94 
40017427 131 
40027797 192 
40032223 75 
40044592 76 
40060782 249 
40068189 244 
40094626 89 
40410628 132 
40449368 187 
40481420 135 
40482370 299 
40499283 187 
41830508 132 
41877077 67 
41896997 63 
41902960 20 
41906688 67 
41913307 204 
41927660 80 
41935784 73 
41967674 162 
41977034 247 
41984460 157 
41999784 136 
41337642 22 
41376637 66 
41723471 258 
41750979 136 
41766116 138 
41779275 358 
41513465 268 
41530914 25 
41441283 252 
41453187 156 
41605459 14 
41634413 186 
41667692 134 
41673716 151 
41692537 249 
41048155 303 
41207225 141 
41112677 82 
41120948 65 
41154500 182 
41192956 8 
41198977 134 
41199279 16 
41199723 231 
42036490 126 
42055010 107 
42074765 70 
42074906 67 
42406977 305 
42436038 270 
42475756 326 
42518790 27 
42520843 147 
42544810 102 
42580627 96 
42245802 259 
42265999 79 
42269607 200 
42282583 290 
42296670 119 
42144023 278 
42187043 198 
42629743 196 
42656035 109 
42736747 131 
42753749 12 
42792964 130 
42799045 29 
42347914 260 
42353459 22 
42801409 142 
42843399 130 
42944886 220 
42953400 70 
42970689 14 
42984884 251 
43908487 222 
43964399 8 
43975579 26 
43976878 323 
43108449 137 
43136325 353 
43440025 70 
43441503 139 
43445062 358 
43469629 298 
43002732 241 
43049411 173 
43050639 311 
43057858 120 
43070402 137 
43071199 26 
43073930 70 
43092607 135 
43260078 22 
43311436 146 
43540612 272 
43549798 109 
43570670 277 
43583378 164 
43593500 134 
43853346 233 
43857149 354 
43879247 134 
43885718 101 
43885976 353 
43893209 133 
43629366 221 
43630355 240 
43630702 100 
43638523 75 
43642576 67 
43658937 134 
43662576 254 
43674016 155 
43700823 247 
43707288 258 
43751304 2 
43768874 72 
43788565 67 
43790831 182 
43794786 356 
44935784 145 
44218330 71 
44255753 241 
44281537 189 
44530479 81 
44540997 136 
44006048 83 
44065754 182 
44070180 196 
44070939 334 
44093894 25 
44352401 306 
44640695 140 
44651668 70 
44661692 292 
44666419 138 
44676498 133 
44455955 185 
44484557 130 
44493751 74 
44808911 194 
44870249 334 
44704139 4 
44717999 70 
44726890 194 
44728418 72 
44734866 71 
44752853 70 
44757188 307 
44186126 233 
44193308 357 
45910918 136 
45912905 230 
45963687 10 
45994205 206 
45504371 199 
45534722 124 
45559753 105 
45576119 136 
45584164 256 
45310952 353 
45323684 71 
45339758 25 
45383511 138 
45412758 70 
45435307 25 
45450906 285 
45450991 143 
45458032 182 
45458647 6 
45474242 314 
45485413 11 
45150394 89 
45633484 6 
45668075 135 
45012079 82 
45045362 11 
45063404 258 
45064603 139 
45065921 183 
45078544 192 
45836564 82 
45845357 301 
45848275 72 
45861039 178 
45873066 54 
45264993 270 
45294224 249 
45711307 127 
45749876 68 
45756576 345 
45776854 131 
45788629 314 
45797582 285 
45797907 249 
46928229 300 
46953532 199 
46964626 147 
46967166 127 
46999807 196 
46039241 137 
46060185 329 
46068929 19 
46080737 23 
46327095 153 
46339954 193 
46118313 136 
46524005 136 
46543878 291 
46555558 145 
46210998 148 
46212312 255 
46215046 231 
46256993 137 
46263445 153 
46294298 258 
46450035 64 
46468739 197 
46498837 302 
46735893 159 
46743309 67 
46748463 288 
46754229 246 
46767902 300 
46780827 137 
46790320 135 
46602293 278 
46665189 196 
46838591 137 
46860554 300 
47800809 12 
47835729 97 
47882132 138 
47717813 262 
47763218 132 
47763922 147 
47900881 325 
47937428 156 
47955807 200 
47605141 138 
47676658 138 
47312719 67 
47316949 194 
47343319 187 
47429672 352 
47430827 135 
47458627 127 
47460514 130 
47470539 245 
47474677 137 
47487193 183 
47490266 65 
47523644 302 
47545135 134 
47560298 145 
47568425 83 
47598451 5 
47012715 243 
47025997 70 
47034613 64 
47041890 251 
47055389 78 
47069716 301 
47072650 130 
47079627 199 
47218396 90 
47257519 250 
47272913 273 
47106815 286 
47118310 233 
47160878 142 
47183551 300 
47191435 123 
48917170 162 
48927402 25 
48989720 131 
48999851 280 
48068536 66 
48114166 137 
48129339 199 
48136121 198 
48142347 267 
48162849 282 
48307515 262 
48329561 10 
48344792 242 
48347612 26 
48362324 135 
48364022 10 
48380770 242 
48390499 195 
48501880 301 
48547745 80 
48559702 197 
48564611 119 
48582754 133 
48592578 12 
48230216 64 
48240677 134 
48242564 63 
48269697 191 
48407552 279 
48410923 303 
48413748 71 
48725736 350 
48730062 187 
48743020 137 
48794098 143 
48795302 242 
48610672 199 
48622859 298 
48635847 78 
48668135 139 
48802788 243 
48851565 136 
48869349 14 
48881361 187 
49236240 230 
49401163 71 
49467163 313 
49606909 70 
49633935 147 
49657534 241 
49691344 137 
49776699 22 
49503854 128 
49527335 302 
49557720 135 
49331958 80 
49332179 137 
49361274 123 
49104377 356 
49121947 144 
49152300 132 
49001815 313 
49005292 137 
49020356 140 
49022919 139 
49034602 134 
49038200 239 
49083107 134 
49821671 149 
49823575 202 
49823825 147 
49833632 265 
49872422 354 
49875091 147 
49889997 141 
49919306 315 
49958734 343 
49971798 135 
50932400 70 
50980739 133 
50801924 63 
50847216 67 
50882248 244 
50894522 69 
50503603 72 
50519921 8 
50548509 2 
50563274 276 
50567046 96 
50100433 65 
50126870 90 
50135296 258 
50195118 243 
50008663 19 
50038921 52 
50087093 195 
50309360 254 
50337177 133 
50337611 11 
50234207 130 
50646594 22 
50649889 140 
50654244 330 
50658816 164 
50791298 196 
50416592 249 
50429699 133 
50439690 130 
50480448 70 
50493825 21 
50499536 139 
51800246 252 
51816253 179 
51819495 70 
51861611 138 
51873145 181 
51898222 70 
51906232 104 
51906422 142 
51909423 10 
51940000 142 
51962685 141 
51988587 148 
51996869 133 
51612654 186 
51623381 90 
51636847 139 
51661383 138 
51213226 297 
51216504 252 
51285425 242 
51294835 195 
51313990 130 
51345368 200 
51362353 104 
51744631 155 
51765117 275 
51793729 110 
51406085 147 
51425094 93 
51426173 198 
51429480 22 
51444643 207 
51119279 241 
51152484 240 
51002514 197 
51024918 188 
51067928 242 
51074679 130 
51521984 69 
51544858 135 
51573800 151 
51574710 15 
51581828 238 
51598299 65 
52525298 137 
52537326 127 
52561204 268 
52588989 193 
52593244 196 
52598648 30 
52704547 202 
52756128 198 
52761342 130 
52202326 255 
52206799 246 
52220514 71 
52267623 286 
52292609 283 
52326215 30 
52389923 76 
52398536 305 
52008763 132 
52022496 26 
52025055 257 
52077170 70 
52133364 32 
52159553 128 
52410782 246 
52498825 9 
52642603 193 
52904495 323 
52912184 66 
52922881 358 
52922900 24 
52944288 123 
52977859 80 
52988559 141 
52991392 127 
52819633 64 
52894990 138 
53539883 281 
53541237 196 
53565861 247 
53589078 278 
53106064 252 
53107276 354 
53113724 80 
53181079 152 
53189784 192 
53413555 285 
53429921 220 
53430641 150 
53436137 9 
53453596 132 
53468154 133 
53491515 185 
53497158 23 
53908639 135 
53909761 185 
53812390 7 
53813118 137 
53864553 315 
53880253 158 
53618290 241 
53622203 160 
53645094 247 
53675486 7 
53685512 125 
53686566 92 
53697439 348 
53210447 10 
53216092 76 
53225979 262 
53243965 66 
53256313 196 
53263565 257 
53293478 139 
53374145 21 
53389823 24 
53746394 64 
53761565 196 
53787231 288 
53797042 139 
54832129 228 
54872339 287 
54723332 147 
54752752 135 
54769776 77 
54784608 200 
54520208 134 
54555736 298 
54568120 236 
54580351 10 
54024308 140 
54039367 68 
54047793 21 
54062514 185 
54075008 161 
54089082 80 
54935538 134 
54950251 69 
54970240 303 
54984087 2 
54988057 245 
54219000 134 
54256861 131 
54260458 63 
54624014 24 
54691704 250 
54105260 323 
54107158 80 
54109842 249 
54114517 135 
54121991 68 
54129179 309 
54152448 78 
54159092 138 
54314466 53 
55668622 133 
55670619 313 
55693537 140 
55209217 8 
55259239 135 
55261700 70 
55274553 199 
55004056 65 
55016597 135 
55920487 70 
55714630 25 
55725833 220 
55730271 77 
55739883 315 
55766663 305 
55827765 254 
55836539 135 
55840337 93 
55842285 87 
55848822 132 
55537654 196 
55564315 305 
55435659 197 
55462131 240 
55485615 77 
55493897 141 
55307720 149 
55332493 4 
55125043 329 
55139493 80 
55146589 74 
55170392 130 
55183662 138 
56916933 200 
56928666 77 
56941004 132 
56958729 124 
56015530 7 
56019701 123 
56048139 258 
56089097 132 
56115006 82 
56171857 323 
56208293 79 
56216402 243 
56268468 130 
56279205 142 
56303051 151 
56333278 161 
56343598 135 
56363242 24 
56375550 56 
56452102 142 
56497227 247 
56533072 240 
56533627 24 
56543095 263 
56597844 181 
56822310 134 
56845315 240 
56864360 282 
56886892 242 
56897556 134 
56628659 135 
56680879 22 
56689835 9 
56696211 76 
56730782 102 
56737996 150 
56743848 129 
56746052 64 
56775746 230 
57901639 292 
57933481 198 
57956898 70 
57968351 140 
57972421 5 
57982172 249 
57992616 351 
57722515 74 
57743898 263 
57766024 186 
57766806 26 
57769915 70 
57785363 304 
57867278 135 
57868095 353 
57884803 83 
57225362 235 
57248243 127 
57253128 303 
57256025 136 
57290447 238 
57614198 15 
57640628 78 
57657701 194 
57686633 145 
57686997 147 
57303874 347 
57312969 82 
57385907 133 
57387061 127 
57002151 256 
57008807 6 
57031259 303 
57049778 133 
57066511 249 
57082143 137 
57503260 65 
57152497 123 
57163855 299 
57189470 10 
57405163 325 
57406661 326 
57441716 193 
57442160 129 
57489607 143 
58914793 127 
58924860 130 
58927340 280 
58118715 276 
58148228 135 
58176995 68 
58195592 66 
58604085 11 
58610182 83 
58612019 73 
58628452 124 
58648990 64 
58512196 70 
58531185 134 
58591004 9 
58466453 130 
58029266 137 
58033313 131 
58041206 70 
58307863 25 
58312346 126 
58312592 66 
58208787 71 
58249487 31 
58258593 134 
58284500 88 
58292457 261 
58704659 106 
58711698 183 
58729733 255 
58731489 154 
58764772 66 
58772599 123 
58815518 136 
58816495 9 
58829111 345 
59936152 22 
59962152 254 
59977673 127 
59988870 107 
59558369 8 
59572079 25 
59656266 295 
59670685 195 
59705670 153 
59727464 24 
59734694 147 
59208432 133 
59409609 66 
59446602 70 
59483773 7 
59498452 3 
59824017 248 
59003361 63 
59026049 181 
59031318 216 
59033172 28 
59319198 200 
59358788 152 
59374543 20 
59375323 321 
59138000 132 
59178634 129 
60971928 145 
60971976 316 
60995991 67 
60813167 142 
60839353 51 
60871177 138 
60113787 22 
60133029 162 
60151777 70 
60164487 22 
60174845 95 
60183144 132 
60196834 63 
60197367 67 
60315866 134 
60329781 321 
60335833 114 
60372517 134 
60517777 349 
60566939 67 
60573441 196 
60091631 239 
60094775 131 
60207792 67 
60275030 52 
60282215 195 
60631467 64 
60657774 65 
60662146 71 
60698116 75 
60745177 304 
60755815 17 
60791400 255 
61935909 193 
61204473 229 
61220642 22 
61236124 154 
61600944 130 
61603778 130 
61619812 132 
61626409 113 
61678102 246 
61691794 192 
61448800 164 
61460859 132 
61013062 251 
61053883 355 
61056890 310 
61062513 138 
61079969 184 
61088052 307 
61575050 236 
61595483 131 
61112702 72 
61117819 63 
61130110 127 
61319188 80 
61371198 307 
61373776 67 
61816103 197 
61824770 276 
61869904 111 
61875413 246 
61878024 70 
61891709 199 
61892674 135 
61897982 255 
61734244 20 
62736497 70 
62754501 256 
62775081 323 
62792993 124 
62904336 63 
62912641 161 
62918957 71 
62919930 304 
62123815 91 
62131742 81 
62136654 10 
62163929 162 
62171236 296 
62171814 135 
62811584 70 
62842329 321 
62848584 196 
62851635 81 
62012954 193 
62015201 70 
62041563 199 
62050903 255 
62091188 124 
62300280 92 
62303174 135 
62305884 303 
62381378 163 
62563009 199 
62593101 162 
62598257 3 
62217225 254 
62219170 138 
62298548 235 
62407229 103 
62410661 70 
62427218 70 
62432859 66 
62455563 69 
62464414 136 
62622788 235 
62674743 306 
63931359 116 
63975362 199 
63231799 253 
63237438 126 
63249808 189 
63256519 70 
63258296 161 
63276271 241 
63278878 197 
63700785 83 
63707693 235 
63761455 237 
63790128 252 
63605587 127 
63642409 255 
63010540 276 
63010586 197 
63025037 256 
63032143 71 
63046975 64 
63518597 136 
63520059 155 
63551424 69 
63579163 66 
63300339 24 
63334207 198 
63338279 132 
63359680 67 
63117072 139 
63126760 135 
63126850 235 
63164953 63 
63181315 139 
63183236 269 
63400279 196 
63415738 164 
63804283 300 
63877228 76 
63892727 75 
64716193 155 
64721960 70 
64728348 141 
64730768 131 
64756523 27 
64784881 244 
64799259 210 
64210870 134 
64242357 104 
64246698 185 
64397262 261 
64004282 129 
64006710 78 
64078412 69 
64418506 70 
64491856 242 
64117976 341 
64150458 198 
64510833 66 
64516011 200 
64530142 242 
64569811 254 
64582774 127 
64595036 86 
64595304 132 
64862614 139 
64878599 255 
64903414 71 
64908069 157 
64959786 140 
64962333 70 
64965517 137 
64988942 319 
65235760 79 
65240414 278 
65245315 140 
65259908 72 
65278158 317 
65282259 123 
65289401 126 
65297305 130 
65504485 143 
65504551 98 
65522744 19 
65567406 171 
65572013 278 
65575869 127 
65576530 193 
65597584 251 
65800929 81 
65803337 75 
65822026 70 
65828849 69 
65848235 163 
65892443 20 
65612289 155 
65616262 8 
65619277 254 
65644966 11 
65665354 108 
65744706 16 
65754512 66 
65100963 225 
65129320 243 
65184948 10 
65042419 286 
65045353 197 
65082410 311 
65088137 304 
65369008 135 
65386554 70 
65418516 269 
65900909 138 
65958649 132 
65966846 140 
65969472 19 
65977656 283 
66916164 147 
66967792 22 
66986505 324 
66999373 299 
66166183 127 
66822120 138 
66864616 252 
66881814 240 
66704577 116 
66732197 155 
66765671 148 
66769612 66 
66307469 90 
66318589 145 
66351666 107 
66364840 4 
66378478 64 
66556875 130 
66560693 215 
66577838 253 
66586771 313 
66403802 10 
66475262 215 
66483700 270 
66492707 147 
66239614 136 
66025691 247 
66032948 152 
66040614 240 
66087760 34 
66088347 134 
66625880 116 
67863301 65 
67634625 233 
67670218 66 
67753626 66 
67763007 240 
67767506 176 
67202772 27 
67232693 66 
67247680 249 
67253403 70 
67253736 141 
67260767 155 
67262370 138 
67510115 65 
67511193 136 
67525968 104 
67527215 68 
67540701 72 
67552233 200 
67553375 136 
67568419 298 
67006551 147 
67018016 139 
67022540 112 
67028213 241 
67035694 237 
67071994 302 
67076866 109 
67353522 306 
67361981 191 
67412992 274 
67415374 76 
67439688 70 
67486021 133 
67490173 286 
67107824 73 
67140701 193 
67175044 109 
67914660 106 
67937520 64 
67942045 83 
67989173 255 
68943126 90 
68953181 137 
68201923 253 
68227731 10 
68257770 146 
68269964 128 
68277774 249 
68305996 70 
68340578 147 
68341336 252 
68344843 248 
68350288 254 
68372184 67 
68384886 111 
68701881 20 
68710419 240 
68722932 302 
68736066 300 
68750155 139 
68795552 131 
68040108 133 
68055331 358 
68122846 71 
68132682 290 
68161612 96 
68621491 139 
68651773 78 
68428003 82 
68442410 68 
68482467 23 
68800617 135 
68809926 252 
68816175 130 
68846299 249 
