2164120 246 
1701704 352 
1311833 90 
1033084 52 
1065474 20 
850545 301 
1565958 74 
2247596 22 
610136 266 
1256641 293 
760370 65 
150107 154 
250163 348 
263948 155 
97547 342 
3624091 197 
3625811 50 
3694035 22 
3699695 0 
3586432 67 
4112907 247 
4190950 280 
3126149 352 
3210286 127 
2963935 287 
2993038 160 
3344093 258 
2820944 141 
2745106 36 
2766074 344 
6807263 328 
6810613 20 
6848668 183 
6528236 97 
6024280 142 
5421832 19 
5436866 187 
7087947 188 
7097088 139 
5519757 20 
5532987 302 
5624379 30 
5266069 138 
5348924 147 
5382337 160 
4975517 90 
9272609 186 
9541636 354 
8891115 241 
8507817 249 
8721483 277 
8734803 150 
8787892 38 
8409502 161 
9101917 287 
9116787 138 
8294003 300 
8120174 92 
8160051 353 
8395764 102 
7970437 241 
7981767 240 
7650730 326 
7683742 178 
7266933 326 
11730856 2 
11946122 147 
11628743 248 
11685918 299 
11500404 348 
10788135 34 
10900962 101 
10964551 129 
11049445 15 
11105138 101 
11159616 347 
10840359 22 
10193437 324 
10023369 235 
9712451 251 
9789446 5 
9641216 148 
13832692 292 
13861949 350 
13355702 6 
13400490 349 
13607290 186 
14041878 254 
14085697 300 
12587189 135 
12817793 5 
12106782 240 
12188507 158 
16565399 140 
16588996 300 
16773769 326 
16693165 7 
16409045 25 
16434819 132 
15353099 194 
15650762 29 
15802406 21 
15424930 139 
15214125 77 
15223981 26 
14998771 304 
15021078 287 
15127869 135 
14559734 144 
14866071 328 
14866518 172 
18339480 152 
18138116 196 
18463566 148 
18469925 71 
18845115 183 
17393690 336 
17214308 2 
17131836 292 
16818031 136 
17049884 135 
21110423 244 
21113144 129 
20905863 12 
20524366 163 
20529511 160 
20010287 281 
20090243 147 
20097534 152 
21435234 8 
21470545 355 
21493923 90 
19844337 9 
19287504 298 
23909535 352 
23689828 26 
23046195 89 
22971156 3 
22815898 81 
22508122 292 
22540734 94 
21776440 243 
21919740 340 
21982423 347 
22273506 80 
26107603 290 
26189919 150 
26036694 12 
26086832 293 
25308773 334 
25514321 27 
25053363 108 
25099102 183 
24494734 186 
