607959 197 
608186 193 
615435 72 
628017 299 
650549 186 
669111 6 
687339 181 
695897 196 
406804 243 
427581 270 
428592 305 
434542 271 
485753 147 
545227 348 
546888 136 
563401 66 
597287 70 
36010 64 
52081 239 
61931 65 
61984 128 
302989 351 
335545 134 
336242 354 
367316 241 
380917 139 
902842 280 
929867 134 
934359 130 
988384 22 
866671 70 
877976 240 
878431 135 
240436 194 
278647 154 
704799 60 
713868 22 
740162 96 
743854 280 
747130 245 
110171 140 
114992 348 
127739 131 
1630322 147 
1663769 14 
1686798 20 
1914746 66 
1974273 143 
1980951 199 
1421596 71 
1436825 140 
1445466 158 
1466686 150 
1485928 134 
1313768 147 
1366447 131 
1205078 173 
1248307 132 
1259963 230 
1284324 137 
1809537 299 
1845079 193 
1871239 109 
1883342 138 
1523139 347 
1549720 141 
1575826 72 
1587856 135 
1732017 20 
1736914 134 
1751406 7 
1774764 354 
1790548 148 
1000238 67 
1007678 135 
1047403 153 
1085229 80 
1154416 22 
1173550 120 
2530239 127 
2571827 70 
2704381 140 
2723833 131 
2741833 333 
2775116 296 
2316003 74 
2323938 127 
2343424 253 
2803092 22 
2814165 5 
2818466 137 
2891263 137 
2117057 70 
2176011 139 
2193396 89 
2411419 67 
2417829 144 
2454836 18 
2458884 128 
2479085 207 
2944523 115 
2957324 137 
2971330 197 
2978351 158 
2609943 134 
2627185 92 
2666995 20 
2691844 133 
2002577 308 
2035534 134 
2048781 296 
2058687 147 
2060579 306 
2083919 81 
2208468 135 
2270017 302 
2281926 249 
3603924 130 
3449946 314 
3498315 74 
3922630 329 
3947535 196 
3808978 133 
3859144 300 
3707856 348 
3751487 131 
3753444 277 
3206820 137 
3208974 71 
3211178 129 
3255982 124 
3513019 203 
3527870 303 
3528326 181 
3543082 76 
3543982 137 
3112634 95 
3133228 274 
3136768 185 
3169687 281 
3183858 259 
3197457 338 
3009656 159 
3020113 126 
3081530 348 
3088645 296 
4640788 159 
4650898 180 
4660576 129 
4681466 348 
4860728 132 
4890799 133 
4307551 247 
4316453 140 
4356221 11 
4386727 26 
4763359 139 
4777000 241 
4778805 20 
4791817 70 
4931749 354 
4966955 200 
4404110 65 
4409739 197 
4429089 152 
4439963 130 
4440355 21 
4458564 201 
4523987 24 
4577014 134 
4597243 131 
4121714 298 
4185316 200 
4191755 288 
4201122 70 
4209455 327 
4215092 130 
4001727 137 
4002506 240 
4037963 277 
4039749 264 
4043264 210 
4043351 137 
4078702 41 
5401586 72 
5402195 130 
5403704 70 
5433311 145 
5434072 293 
5455766 139 
5467857 135 
5482726 67 
5485710 126 
5100628 139 
5122434 340 
5156194 350 
5174136 71 
5185278 133 
5188005 111 
5727691 65 
5759331 139 
5768941 63 
5784568 262 
5810491 4 
5827695 64 
5504417 134 
5512272 348 
5590939 159 
5629422 130 
5642532 135 
5658401 174 
5665513 129 
5671977 66 
5916926 134 
5971576 65 
5978192 309 
5984122 146 
5310143 282 
5321398 141 
5336049 10 
5357944 108 
5391980 134 
5012207 11 
5021250 132 
5081616 140 
5212590 193 
5213422 286 
5243845 5 
5296759 138 
6735224 70 
6513253 134 
6514964 24 
6519907 22 
6586519 70 
6418212 139 
6420926 96 
6455520 70 
6663958 20 
6691006 10 
6312982 148 
6927156 281 
6937691 107 
6969297 253 
6832738 20 
6839115 90 
6276037 60 
6010174 153 
6087948 68 
6097645 139 
6117712 70 
7556044 243 
7648344 73 
7663781 227 
7671909 306 
7676873 326 
7823955 65 
7857245 66 
7899406 9 
7902310 6 
7916809 139 
7956359 239 
7972014 134 
7719727 24 
7720719 134 
7773017 137 
7337833 147 
7340669 289 
7346548 173 
7357855 138 
7366609 159 
7367927 193 
7374283 148 
7375122 351 
7394900 155 
7461282 1 
7108107 314 
7123665 243 
7129040 67 
7181511 147 
7184329 133 
7278039 87 
7279993 300 
7281514 235 
7001920 301 
8400768 256 
8402639 151 
8497570 134 
8352548 155 
8353303 148 
8356561 5 
8358305 152 
8369541 133 
8392777 356 
8613075 68 
8634221 132 
8687934 136 
8738273 136 
8744317 138 
8752219 161 
8953739 103 
8221339 134 
8227513 4 
8288622 70 
8576332 32 
8599027 140 
8021406 351 
8034870 79 
8102628 221 
8123272 137 
8174924 193 
9754176 124 
9607497 255 
9616585 193 
9656992 70 
9823809 133 
9829959 237 
9863912 299 
9879379 254 
9408908 36 
9446575 128 
9450771 195 
9480563 196 
9513979 64 
9518952 10 
9560856 10 
9917195 239 
9938515 134 
9944036 289 
9950511 155 
9965048 135 
9977517 133 
9187372 254 
9327636 16 
9328228 83 
9351862 70 
9353388 135 
9207763 130 
9004519 63 
9036494 124 
9036848 70 
9061449 162 
9061691 328 
9068210 90 
9095583 252 
10610790 79 
10616123 333 
10642443 24 
10643634 261 
10662929 133 
10698127 188 
10429211 153 
10460054 163 
10483602 331 
10911127 136 
10924653 131 
10955845 348 
10972272 194 
10738552 278 
10765415 104 
10769129 63 
10778951 241 
10830957 193 
10835863 140 
10883020 198 
10886300 358 
10547410 240 
10573248 78 
10590976 132 
10024973 22 
10042788 64 
10090235 63 
10201399 135 
10210945 249 
10226510 348 
10235122 131 
10254831 197 
10260259 195 
10271579 239 
10275153 139 
10383555 173 
10147555 254 
10180164 347 
10189571 290 
11931647 23 
11990816 75 
11464301 193 
11475331 133 
11718812 124 
11730658 124 
11770270 139 
11791803 75 
11793343 113 
11600062 180 
11644872 153 
11844119 187 
11500677 235 
11508283 253 
11571544 137 
11238885 321 
11242346 186 
11322631 228 
11341043 4 
11370038 68 
11371485 195 
11036007 136 
11106349 255 
11106855 326 
11141281 302 
11154318 71 
12414732 257 
12443711 199 
12513249 96 
12558118 96 
12624986 24 
12638731 72 
12677164 28 
12683913 72 
12804904 198 
12953591 80 
12325086 127 
12357184 310 
12745030 132 
12022055 241 
12034539 131 
12044191 259 
12062812 249 
12086032 279 
12224830 285 
12274260 145 
12287027 243 
12122511 90 
12182478 144 
12188381 180 
12189699 276 
13613661 159 
13652500 134 
13907891 323 
13911777 66 
13920446 131 
13978790 19 
13853057 20 
13879786 314 
13882838 9 
13749397 70 
13759312 34 
13774339 323 
13787045 155 
13797138 275 
13315746 147 
13322326 135 
13383318 134 
13396354 70 
13253125 310 
13543911 148 
13588299 79 
13106824 71 
13113874 70 
13136980 22 
13185928 304 
13402034 198 
13407675 115 
13454232 74 
14906701 72 
14923160 193 
14960834 73 
14347231 280 
14353855 60 
14398384 295 
14586190 250 
14722795 104 
14757621 2 
14429130 285 
14486261 314 
14628347 254 
14655417 306 
14680372 3 
14102906 178 
14104910 90 
14108000 154 
14114330 340 
14118695 254 
14129466 255 
14142199 60 
14151277 81 
14178594 241 
14188397 199 
14199228 261 
14816190 147 
14830209 2 
14244141 198 
14266954 137 
14013710 134 
15667368 353 
15670797 337 
15672059 90 
15422444 301 
15451718 130 
15849864 277 
15852355 255 
15881062 108 
15893454 81 
15895682 137 
15776477 148 
15787412 240 
15791051 129 
15913022 197 
15932888 143 
15950436 133 
15951918 71 
15984534 296 
15513322 147 
15555669 147 
15570046 64 
15347143 191 
15249918 136 
15262473 246 
15101444 130 
15106855 352 
15153182 129 
15163864 315 
15170841 134 
16646576 124 
16663915 255 
16916860 195 
16964316 131 
16976274 348 
16987167 20 
16997548 24 
16997674 298 
16410420 24 
16506065 351 
16507236 9 
16533356 22 
16557457 197 
16817171 55 
16863732 137 
16869621 245 
16794061 140 
16796949 131 
16300559 196 
16347763 140 
16355953 137 
16383195 109 
16394826 302 
16063037 65 
16065469 175 
16078648 147 
16083982 79 
16174879 196 
17605465 117 
17653992 240 
17739405 72 
17762479 105 
17568692 198 
17902694 147 
17915958 25 
17927628 64 
17348100 139 
17399998 286 
17839752 80 
17872371 68 
17010088 344 
17017010 132 
17038127 136 
17185090 194 
17192951 240 
17455273 327 
17474467 173 
17204088 286 
17205381 302 
17211539 241 
17213770 194 
17248185 284 
17250615 75 
17262732 63 
17279157 20 
18903202 270 
18942450 108 
18992480 300 
18660553 344 
18676528 63 
18680017 249 
18815107 135 
18899642 241 
18412007 134 
18488026 193 
18502773 300 
18308407 184 
18321043 253 
18331962 125 
18354448 72 
18373225 103 
18392694 352 
18724510 351 
18733328 139 
18762420 194 
18766601 297 
18261628 66 
18012970 72 
18013153 78 
18015754 287 
18016322 136 
18038742 278 
18044819 321 
18095780 22 
18142766 72 
18145727 188 
18157335 301 
18197842 155 
19933465 60 
19938660 251 
19941510 138 
19711345 137 
19756839 79 
19758661 143 
19763196 14 
19787632 67 
19810589 240 
19817988 201 
19819705 78 
19834017 208 
19877570 194 
19888659 134 
19890654 324 
19623852 9 
19693016 63 
19508252 70 
19571654 198 
19584678 137 
19409211 121 
19442145 329 
19453451 120 
19488879 132 
19337244 302 
19346100 35 
19353199 243 
19202899 136 
19233055 67 
19234823 127 
19244471 187 
19285430 66 
19022975 67 
19033699 242 
19054013 133 
19063328 243 
19101729 255 
19160403 344 
19164101 8 
19190257 258 
20501531 67 
20548029 128 
20550037 143 
20551612 283 
20551823 145 
20580809 253 
20704134 260 
20711677 205 
20775115 250 
20775460 167 
20792050 132 
20327448 138 
20373622 357 
20377139 188 
20914118 184 
20107733 180 
20122618 131 
20125998 139 
20154018 180 
20194159 144 
20617146 64 
20629406 134 
20658540 262 
20426100 246 
20471947 346 
20476546 138 
20480514 75 
20212401 258 
20222578 70 
20237587 132 
20243949 64 
20253014 16 
20299251 249 
20005918 99 
20053503 102 
20065398 64 
20072848 68 
20077040 304 
21711884 255 
21747046 139 
21758349 141 
21759615 70 
21587608 2 
21596577 152 
21312596 206 
21320359 193 
21330390 83 
21379455 193 
21912514 274 
21935427 139 
21951965 156 
21818152 145 
21831218 199 
21831538 163 
21853833 130 
21869225 280 
21870480 314 
21881790 195 
21892666 17 
21616881 136 
21643499 126 
21677348 198 
21687207 230 
21687213 148 
21689095 33 
21100150 135 
21122025 90 
21151284 131 
21153602 132 
21156477 138 
21195036 91 
21400284 291 
21447864 138 
21465757 104 
21480178 131 
21224417 11 
21244053 115 
21274848 70 
21279597 244 
21008730 129 
21031684 325 
22145740 130 
22147458 145 
22340927 132 
22269604 285 
22279592 65 
22291912 133 
22299303 130 
22025111 139 
22035490 93 
22055997 70 
22651392 352 
22562245 16 
22572411 60 
22822063 22 
22824912 114 
22854974 65 
22880566 133 
22897429 164 
22898350 78 
22922277 135 
22939630 136 
22980408 85 
22745627 10 
22789515 6 
22790490 200 
22792167 22 
22435831 25 
22437897 135 
23670245 278 
23686594 195 
23323526 13 
23341350 142 
23397458 135 
23722833 130 
23744709 127 
23764322 270 
23809239 357 
23869991 70 
23898555 314 
23953102 198 
23417102 115 
23418000 73 
23457507 104 
23223809 127 
23262319 67 
23268626 189 
23269432 147 
23575698 136 
23045339 348 
23146359 143 
23172000 183 
24803636 93 
24805979 254 
24870624 127 
24419377 64 
24424906 48 
24448461 197 
24456867 137 
24469259 255 
24479816 347 
24641682 138 
24664064 159 
24668886 200 
24690027 69 
24693773 113 
24719819 294 
24780337 165 
24781018 197 
24907710 65 
24926482 5 
24953578 134 
24507915 66 
24596081 133 
24305101 355 
24337018 250 
24359556 127 
24118655 71 
24126810 74 
24130224 134 
24173394 70 
24217561 249 
24052110 10 
24053384 134 
24068684 183 
24072246 133 
25628272 333 
25635695 258 
25637693 135 
25684235 63 
25942696 243 
25958873 70 
25991223 68 
25495962 137 
25707474 70 
25740648 7 
25301877 284 
25331320 64 
25379175 147 
25500458 9 
25504097 252 
25554298 153 
25218549 66 
25259061 252 
25269713 185 
25272398 80 
25814783 142 
25817734 300 
25851771 321 
25858939 136 
25002926 136 
25025403 345 
25036083 208 
25070944 133 
25073994 64 
25083237 76 
25139260 134 
26613029 311 
26909529 63 
26922120 83 
26944212 105 
26974384 303 
26301716 132 
26362709 145 
26540292 135 
26540442 196 
26564908 265 
26595188 134 
26759301 137 
26822309 130 
26834603 130 
26208985 69 
26219073 67 
26267579 299 
26024255 138 
26049073 71 
26142575 133 
26174484 130 
27643917 304 
27667227 66 
27829812 245 
27843852 66 
27765784 125 
27403268 357 
27444432 247 
27469313 351 
27947645 70 
27545779 63 
27589762 66 
27590913 78 
27328776 323 
27256936 138 
27258376 150 
27000427 68 
27017444 21 
27020817 353 
27143879 138 
27171898 95 
28614516 348 
28616496 25 
28621961 71 
28632974 114 
28642017 11 
28656948 133 
28664793 269 
28822480 347 
28712573 140 
28717447 9 
28730535 146 
28794631 132 
28963120 184 
28406821 139 
28427286 129 
28427389 354 
28456164 63 
28518548 188 
28534226 198 
28542523 78 
28572951 3 
28311788 65 
28319180 127 
28347480 139 
28255995 131 
28289922 72 
28146939 66 
28032060 123 
28043418 69 
29963621 71 
29963648 130 
29800875 137 
29811444 249 
29826368 160 
29724761 8 
29725169 71 
29776573 70 
29790365 153 
29798554 142 
29636837 138 
29650064 147 
29503414 66 
29505228 2 
29524669 131 
29551707 302 
29577292 135 
29580802 134 
29589409 103 
29450816 136 
29465233 20 
29483441 26 
29337606 71 
29354362 136 
29373143 246 
29380789 181 
29397192 30 
29278231 341 
29288194 68 
29289326 238 
29298299 191 
29004498 281 
29032318 307 
29036972 24 
29056704 130 
29064847 247 
29101276 129 
29127209 136 
29199953 340 
30924359 67 
30969958 184 
30969976 65 
30984771 259 
30628261 186 
30666704 65 
30680922 19 
30827897 253 
30838364 197 
30866015 185 
30875865 72 
30881349 312 
30763606 314 
30764685 303 
30530362 200 
30583412 131 
30592731 34 
30595196 196 
30323201 244 
30330346 128 
30336863 30 
30381926 134 
30402978 128 
30482370 148 
30113430 196 
30120389 137 
30122688 271 
30157266 114 
30239596 193 
30025997 63 
30047023 286 
30080688 132 
31725289 74 
31731031 185 
31602623 313 
31929708 67 
31953931 326 
31974121 130 
31976845 150 
31503524 137 
31566320 70 
31812706 141 
31834227 137 
31847783 257 
31870631 192 
31349005 153 
31361825 129 
31413427 195 
31418842 260 
31491067 63 
31206120 137 
31213155 139 
31260579 135 
31115792 249 
31119326 138 
31130588 140 
31153487 216 
31157054 200 
31171356 9 
31069688 30 
31079525 258 
31089920 316 
32641282 195 
32684888 19 
32912414 126 
32960634 204 
32976355 348 
32988559 161 
32807139 131 
32812146 301 
32833458 133 
32845356 133 
32508378 299 
32509658 27 
32523607 133 
32552914 275 
32456719 134 
32476287 150 
32499185 70 
32309912 229 
32329924 138 
32361762 117 
32378961 136 
32299866 138 
32001591 130 
32002603 20 
32011611 197 
32021440 9 
32037126 196 
32137231 329 
32142272 23 
32155224 193 
32176222 235 
32182769 180 
32186261 164 
33943116 241 
33949839 123 
33993873 259 
33632522 105 
33632736 19 
33636234 294 
33679351 187 
33695456 300 
33444349 236 
33497170 354 
33830055 255 
33833614 161 
33839549 135 
33844561 185 
33856205 317 
33889166 150 
33778070 329 
33208394 70 
33210893 194 
33215956 70 
33219239 24 
33229905 200 
33233013 209 
33284360 186 
33306146 70 
33344934 138 
33350237 291 
33367997 301 
33385763 152 
33387014 137 
33500849 12 
33535590 322 
33537408 256 
33595524 339 
33016971 30 
33076727 67 
33123621 197 
34907858 74 
34920445 197 
34920765 250 
34935059 331 
34938718 65 
34942382 291 
34646196 22 
34677241 150 
34338753 196 
34368768 130 
34723975 130 
34736672 283 
34737209 69 
34770895 24 
34774543 279 
34840792 152 
34851651 323 
34884309 257 
34890401 71 
34229261 136 
34235946 353 
34266740 3 
34285675 93 
34297615 129 
34299569 127 
34565781 20 
34586116 70 
34404541 22 
34405831 151 
34439866 329 
34440033 302 
34443359 108 
34475765 68 
34482490 230 
34109099 4 
34183165 135 
34185064 332 
34002647 140 
34019491 199 
34020899 198 
34022846 76 
34026182 142 
34043786 161 
35610507 73 
35636688 66 
35642043 270 
35685971 79 
35950703 9 
35972648 3 
35998106 238 
35401619 141 
35448603 305 
35451829 132 
35464392 342 
35481255 136 
35809611 21 
35834577 164 
35864225 3 
35874269 208 
35723443 127 
35560993 194 
35565362 135 
35595608 253 
35356957 133 
35390770 254 
35274227 9 
35288406 91 
35000573 104 
35001075 133 
35102009 243 
35135569 132 
35175257 154 
35182250 77 
36911245 126 
36921845 200 
36931467 314 
36947721 196 
36950095 66 
36961027 71 
36967439 280 
36823826 188 
36875587 248 
36593171 283 
36595729 131 
36331416 345 
36359088 251 
36398940 9 
36415142 88 
36415880 148 
36475026 70 
36709223 140 
36759570 353 
36762420 9 
36798576 127 
36600257 158 
36623868 347 
36624736 152 
36627983 301 
36671095 200 
36679530 252 
36686525 316 
36216362 136 
36238859 5 
36252142 148 
36270481 271 
36273843 351 
36003010 137 
36011450 129 
36064701 26 
36097400 271 
37919893 323 
37944892 348 
37968806 135 
37715931 240 
37736433 173 
37796957 144 
37805889 296 
37845107 130 
37857939 133 
37613698 80 
37621943 128 
37660840 137 
37515256 246 
37546212 151 
37563294 70 
37565455 72 
37581441 10 
37599045 302 
37419552 53 
37464061 53 
37487194 308 
37374646 192 
37109596 134 
37138660 138 
37159037 142 
37204854 278 
37275388 65 
37002165 135 
37021008 5 
37029187 132 
38704761 137 
38311711 135 
38317985 187 
38430615 70 
38445628 288 
38483257 129 
38632623 147 
38648601 128 
38659698 330 
38113963 301 
38041265 67 
38202195 70 
38232830 37 
38253341 136 
